0, -1.4259706160233994
1, -1.4259706160233994
2, -1.6731644081774468
3, -1.6731644081774468
4, -1.8280178692878635
5, -2.4988159307340756
6, -2.4988159307340756
7, -2.4988159307340756
8, -2.4988159307340756
9, -2.4988159307340756
10, -2.4988159307340756
11, -2.4988159307340756
12, -2.4988159307340756
13, -2.4988159307340756
14, -2.4988159307340756
15, -2.4988159307340756
16, -2.4988159307340756
17, -2.4988159307340756
18, -2.4988159307340756
19, -2.4988159307340756
20, -2.4988159307340756
21, -3.218530892917496
22, -3.218530892917496
23, -3.218530892917496
24, -3.218530892917496
25, -3.218530892917496
26, -3.218530892917496
27, -3.218530892917496
28, -3.218530892917496
29, -3.218530892917496
30, -3.218530892917496
31, -3.218530892917496
32, -3.218530892917496
33, -3.218530892917496
34, -3.218530892917496
35, -3.218530892917496
36, -3.218530892917496
37, -3.218530892917496
38, -3.218530892917496
39, -3.218530892917496
40, -3.218530892917496
41, -3.218530892917496
42, -3.218530892917496
43, -3.218530892917496
44, -3.218530892917496
45, -3.218530892917496
46, -3.218530892917496
47, -3.218530892917496
48, -3.218530892917496
49, -3.218530892917496
50, -3.218530892917496
51, -3.218530892917496
52, -3.218530892917496
53, -3.218530892917496
54, -3.218530892917496
55, -3.218530892917496
56, -3.218530892917496
57, -3.218530892917496
58, -3.218530892917496
59, -3.541141817773803
60, -3.541141817773803
61, -3.541141817773803
62, -3.541141817773803
63, -3.541141817773803
64, -3.541141817773803
65, -3.541141817773803
66, -3.541141817773803
67, -3.541141817773803
68, -3.541141817773803
69, -3.541141817773803
70, -3.541141817773803
71, -3.541141817773803
72, -3.541141817773803
73, -3.541141817773803
74, -3.541141817773803
75, -3.541141817773803
76, -3.541141817773803
77, -3.541141817773803
78, -3.541141817773803
79, -3.541141817773803
80, -3.541141817773803
81, -3.541141817773803
82, -3.541141817773803
83, -3.541141817773803
84, -3.541141817773803
85, -3.541141817773803
86, -3.541141817773803
87, -3.541141817773803
88, -3.541141817773803
89, -3.541141817773803
90, -3.541141817773803
91, -3.541141817773803
92, -3.541141817773803
93, -3.541141817773803
94, -3.541141817773803
95, -3.541141817773803
96, -3.541141817773803
97, -3.541141817773803
98, -3.541141817773803
99, -3.541141817773803
100, -3.541141817773803
101, -3.541141817773803
102, -3.541141817773803
103, -3.541141817773803
104, -3.541141817773803
105, -3.541141817773803
106, -3.541141817773803
107, -3.541141817773803
108, -3.541141817773803
109, -3.541141817773803
110, -3.541141817773803
111, -3.541141817773803
112, -3.541141817773803
113, -3.541141817773803
114, -3.541141817773803
115, -3.541141817773803
116, -3.541141817773803
117, -3.541141817773803
118, -3.541141817773803
119, -3.541141817773803
120, -3.541141817773803
121, -3.541141817773803
122, -3.541141817773803
123, -3.541141817773803
124, -3.541141817773803
125, -3.541141817773803
126, -3.541141817773803
127, -3.541141817773803
128, -3.541141817773803
129, -3.541141817773803
130, -3.541141817773803
131, -3.541141817773803
132, -3.541141817773803
133, -3.541141817773803
134, -3.541141817773803
135, -3.541141817773803
136, -3.541141817773803
137, -3.541141817773803
138, -3.541141817773803
139, -3.541141817773803
140, -3.541141817773803
141, -3.797398062018237
142, -3.797398062018237
143, -3.797398062018237
144, -3.797398062018237
145, -3.797398062018237
146, -3.797398062018237
147, -3.797398062018237
148, -3.797398062018237
149, -3.797398062018237
150, -3.797398062018237
151, -3.797398062018237
152, -3.797398062018237
153, -3.797398062018237
154, -3.797398062018237
155, -3.797398062018237
156, -3.797398062018237
157, -3.797398062018237
158, -3.797398062018237
159, -3.797398062018237
160, -3.797398062018237
161, -3.797398062018237
162, -3.797398062018237
163, -3.797398062018237
164, -3.797398062018237
165, -3.797398062018237
166, -3.797398062018237
167, -3.797398062018237
168, -3.797398062018237
169, -3.797398062018237
170, -3.797398062018237
171, -3.797398062018237
172, -3.797398062018237
173, -3.797398062018237
174, -3.797398062018237
175, -3.797398062018237
176, -3.797398062018237
177, -3.797398062018237
178, -3.797398062018237
179, -3.797398062018237
180, -3.797398062018237
181, -3.797398062018237
182, -3.797398062018237
183, -3.797398062018237
184, -3.797398062018237
185, -3.797398062018237
186, -3.797398062018237
187, -3.797398062018237
188, -3.797398062018237
189, -3.797398062018237
190, -3.797398062018237
191, -3.797398062018237
192, -3.797398062018237
193, -3.797398062018237
194, -3.797398062018237
195, -3.797398062018237
196, -3.797398062018237
197, -3.797398062018237
198, -3.797398062018237
199, -3.797398062018237
200, -3.797398062018237
201, -3.797398062018237
202, -3.797398062018237
203, -3.797398062018237
204, -3.797398062018237
205, -3.797398062018237
206, -3.797398062018237
207, -3.797398062018237
208, -3.797398062018237
209, -3.797398062018237
210, -3.797398062018237
211, -3.797398062018237
212, -3.797398062018237
213, -3.797398062018237
214, -3.797398062018237
215, -3.797398062018237
216, -3.797398062018237
217, -3.797398062018237
218, -4.1430412286958544
219, -4.1430412286958544
220, -4.1430412286958544
221, -4.1430412286958544
222, -4.1430412286958544
223, -4.1430412286958544
224, -4.1430412286958544
225, -4.1430412286958544
226, -4.1430412286958544
227, -4.1430412286958544
228, -4.1430412286958544
229, -4.1430412286958544
230, -4.1430412286958544
231, -4.1430412286958544
232, -4.1430412286958544
233, -4.1430412286958544
234, -4.1430412286958544
235, -4.1430412286958544
236, -4.1430412286958544
237, -4.1430412286958544
238, -4.1430412286958544
239, -4.1430412286958544
240, -4.1430412286958544
241, -4.1430412286958544
242, -4.1430412286958544
243, -4.1430412286958544
244, -4.1430412286958544
245, -4.1430412286958544
246, -4.1430412286958544
247, -4.1430412286958544
248, -4.1430412286958544
249, -4.1430412286958544
250, -4.1430412286958544
251, -4.1430412286958544
252, -4.1430412286958544
253, -4.1430412286958544
254, -4.1430412286958544
255, -4.1430412286958544
256, -4.1430412286958544
257, -4.1430412286958544
258, -4.1430412286958544
259, -4.1430412286958544
260, -4.1430412286958544
261, -4.1430412286958544
262, -4.1430412286958544
263, -4.1430412286958544
264, -4.1430412286958544
265, -4.1430412286958544
266, -4.1430412286958544
267, -6.38533929230257
268, -6.38533929230257
269, -6.38533929230257
270, -6.38533929230257
271, -6.38533929230257
272, -6.38533929230257
273, -6.38533929230257
274, -6.38533929230257
275, -6.38533929230257
276, -6.38533929230257
277, -6.38533929230257
278, -6.38533929230257
279, -6.38533929230257
280, -6.38533929230257
281, -6.38533929230257
282, -6.38533929230257
283, -6.38533929230257
284, -6.38533929230257
285, -6.38533929230257
286, -6.38533929230257
287, -6.38533929230257
288, -6.38533929230257
289, -6.38533929230257
290, -6.38533929230257
291, -6.38533929230257
292, -6.38533929230257
293, -6.38533929230257
294, -6.38533929230257
295, -6.38533929230257
296, -6.38533929230257
297, -6.38533929230257
298, -6.38533929230257
299, -6.38533929230257
300, -6.38533929230257
301, -6.38533929230257
302, -6.38533929230257
303, -6.38533929230257
304, -6.38533929230257
305, -6.38533929230257
306, -6.38533929230257
307, -6.38533929230257
308, -6.38533929230257
309, -6.38533929230257
310, -6.38533929230257
311, -6.38533929230257
312, -6.38533929230257
313, -6.38533929230257
314, -6.38533929230257
315, -6.38533929230257
316, -6.38533929230257
317, -6.38533929230257
318, -6.38533929230257
319, -6.38533929230257
320, -6.38533929230257
321, -6.38533929230257
322, -6.38533929230257
323, -6.38533929230257
324, -6.38533929230257
325, -6.38533929230257
326, -6.38533929230257
327, -6.38533929230257
328, -6.38533929230257
329, -6.38533929230257
330, -6.38533929230257
331, -6.38533929230257
332, -6.38533929230257
333, -6.38533929230257
334, -6.38533929230257
335, -6.38533929230257
336, -6.38533929230257
337, -6.38533929230257
338, -6.38533929230257
339, -6.38533929230257
340, -6.38533929230257
341, -6.38533929230257
342, -6.38533929230257
343, -6.38533929230257
344, -6.38533929230257
345, -6.38533929230257
346, -6.38533929230257
347, -6.38533929230257
348, -6.38533929230257
349, -6.38533929230257
350, -6.38533929230257
351, -6.38533929230257
352, -6.38533929230257
353, -6.38533929230257
354, -6.38533929230257
355, -6.38533929230257
356, -6.38533929230257
357, -6.38533929230257
358, -6.38533929230257
359, -6.38533929230257
360, -6.38533929230257
361, -6.38533929230257
362, -6.38533929230257
363, -6.38533929230257
364, -6.38533929230257
365, -6.38533929230257
366, -6.38533929230257
367, -6.38533929230257
368, -6.38533929230257
369, -6.38533929230257
370, -6.38533929230257
371, -6.38533929230257
372, -6.38533929230257
373, -6.38533929230257
374, -6.38533929230257
375, -6.38533929230257
376, -6.38533929230257
377, -6.38533929230257
378, -6.38533929230257
379, -6.38533929230257
380, -6.38533929230257
381, -6.38533929230257
382, -6.38533929230257
383, -6.38533929230257
384, -6.38533929230257
385, -6.38533929230257
386, -6.38533929230257
387, -6.38533929230257
388, -6.38533929230257
389, -6.38533929230257
390, -6.38533929230257
391, -6.38533929230257
392, -6.38533929230257
393, -6.38533929230257
394, -6.38533929230257
395, -6.38533929230257
396, -6.38533929230257
397, -6.38533929230257
398, -6.38533929230257
399, -6.38533929230257
400, -6.38533929230257
401, -6.38533929230257
402, -6.38533929230257
403, -6.38533929230257
404, -6.38533929230257
405, -6.38533929230257
406, -6.38533929230257
407, -6.38533929230257
408, -6.38533929230257
409, -6.38533929230257
410, -6.38533929230257
411, -6.38533929230257
412, -6.38533929230257
413, -6.38533929230257
414, -6.38533929230257
415, -6.38533929230257
416, -6.38533929230257
417, -6.38533929230257
418, -6.38533929230257
419, -6.38533929230257
420, -6.38533929230257
421, -6.38533929230257
422, -6.38533929230257
423, -6.38533929230257
424, -6.38533929230257
425, -6.38533929230257
426, -6.38533929230257
427, -6.38533929230257
428, -6.38533929230257
429, -6.38533929230257
430, -6.38533929230257
431, -6.38533929230257
432, -6.38533929230257
433, -6.38533929230257
434, -6.38533929230257
435, -6.38533929230257
436, -6.38533929230257
437, -6.38533929230257
438, -6.38533929230257
439, -6.38533929230257
440, -6.38533929230257
441, -6.38533929230257
442, -6.38533929230257
443, -6.38533929230257
444, -6.38533929230257
445, -6.38533929230257
446, -6.38533929230257
447, -6.38533929230257
448, -6.38533929230257
449, -6.38533929230257
450, -6.38533929230257
451, -6.38533929230257
452, -6.38533929230257
453, -6.38533929230257
454, -6.38533929230257
455, -6.38533929230257
456, -6.38533929230257
457, -6.38533929230257
458, -6.38533929230257
459, -6.38533929230257
460, -6.38533929230257
461, -6.38533929230257
462, -6.38533929230257
463, -6.38533929230257
464, -6.38533929230257
465, -6.38533929230257
466, -6.38533929230257
467, -6.38533929230257
468, -6.38533929230257
469, -6.38533929230257
470, -6.38533929230257
471, -6.38533929230257
472, -6.38533929230257
473, -6.38533929230257
474, -6.38533929230257
475, -6.38533929230257
476, -6.38533929230257
477, -6.38533929230257
478, -6.38533929230257
479, -6.38533929230257
480, -6.38533929230257
481, -6.38533929230257
482, -6.38533929230257
483, -6.38533929230257
484, -6.38533929230257
485, -6.38533929230257
486, -6.38533929230257
487, -6.38533929230257
488, -6.38533929230257
489, -6.38533929230257
490, -6.38533929230257
491, -6.38533929230257
492, -6.38533929230257
493, -6.38533929230257
494, -6.38533929230257
495, -6.38533929230257
496, -6.38533929230257
497, -6.38533929230257
498, -6.38533929230257
499, -6.38533929230257
