0, -1.1656234761687339
1, -1.1656234761687339
2, -1.7663834303453307
3, -1.7663834303453307
4, -1.9351971272865995
5, -1.9351971272865995
6, -1.9351971272865995
7, -1.9351971272865995
8, -1.9607746184291792
9, -3.258120104487126
10, -3.258120104487126
11, -3.258120104487126
12, -3.258120104487126
13, -3.258120104487126
14, -3.258120104487126
15, -3.258120104487126
16, -3.258120104487126
17, -3.258120104487126
18, -3.258120104487126
19, -3.258120104487126
20, -3.258120104487126
21, -3.258120104487126
22, -3.258120104487126
23, -3.258120104487126
24, -3.258120104487126
25, -3.258120104487126
26, -3.258120104487126
27, -3.258120104487126
28, -3.258120104487126
29, -3.258120104487126
30, -3.258120104487126
31, -3.258120104487126
32, -3.258120104487126
33, -3.258120104487126
34, -3.258120104487126
35, -3.258120104487126
36, -3.258120104487126
37, -3.258120104487126
38, -3.258120104487126
39, -3.258120104487126
40, -3.258120104487126
41, -3.258120104487126
42, -3.258120104487126
43, -3.258120104487126
44, -3.258120104487126
45, -3.258120104487126
46, -3.258120104487126
47, -3.258120104487126
48, -3.258120104487126
49, -3.258120104487126
50, -3.258120104487126
51, -3.258120104487126
52, -3.258120104487126
53, -3.258120104487126
54, -3.258120104487126
55, -3.258120104487126
56, -3.258120104487126
57, -3.258120104487126
58, -3.258120104487126
59, -3.258120104487126
60, -3.258120104487126
61, -3.258120104487126
62, -3.258120104487126
63, -3.258120104487126
64, -3.258120104487126
65, -3.258120104487126
66, -3.258120104487126
67, -3.258120104487126
68, -3.258120104487126
69, -3.258120104487126
70, -3.258120104487126
71, -3.258120104487126
72, -3.258120104487126
73, -3.258120104487126
74, -3.258120104487126
75, -3.258120104487126
76, -3.258120104487126
77, -3.258120104487126
78, -3.258120104487126
79, -3.258120104487126
80, -3.258120104487126
81, -3.258120104487126
82, -3.258120104487126
83, -3.258120104487126
84, -3.258120104487126
85, -3.258120104487126
86, -3.258120104487126
87, -3.258120104487126
88, -3.258120104487126
89, -3.258120104487126
90, -3.258120104487126
91, -3.258120104487126
92, -3.258120104487126
93, -3.258120104487126
94, -3.358772112131535
95, -3.358772112131535
96, -3.358772112131535
97, -3.358772112131535
98, -3.358772112131535
99, -3.358772112131535
100, -3.358772112131535
101, -4.6074489639990155
102, -4.6074489639990155
103, -4.6074489639990155
104, -4.6074489639990155
105, -4.6074489639990155
106, -4.6074489639990155
107, -4.6074489639990155
108, -4.6074489639990155
109, -4.6074489639990155
110, -4.6074489639990155
111, -4.6074489639990155
112, -4.6074489639990155
113, -4.6074489639990155
114, -4.6074489639990155
115, -4.6074489639990155
116, -4.6074489639990155
117, -4.6074489639990155
118, -4.6074489639990155
119, -4.6074489639990155
120, -4.6074489639990155
121, -4.6074489639990155
122, -4.6074489639990155
123, -4.6074489639990155
124, -4.6074489639990155
125, -4.6074489639990155
126, -4.6074489639990155
127, -4.6074489639990155
128, -4.6074489639990155
129, -4.6074489639990155
130, -4.6074489639990155
131, -4.6074489639990155
132, -4.6074489639990155
133, -4.6074489639990155
134, -4.6074489639990155
135, -4.6074489639990155
136, -4.6074489639990155
137, -4.6074489639990155
138, -4.6074489639990155
139, -4.6074489639990155
140, -4.6074489639990155
141, -4.6074489639990155
142, -4.6074489639990155
143, -4.6074489639990155
144, -4.6074489639990155
145, -4.6074489639990155
146, -4.6074489639990155
147, -4.6074489639990155
148, -4.6074489639990155
149, -4.6074489639990155
150, -4.6074489639990155
151, -4.6074489639990155
152, -4.6074489639990155
153, -4.6074489639990155
154, -4.6074489639990155
155, -4.6074489639990155
156, -4.6074489639990155
157, -4.6074489639990155
158, -4.6074489639990155
159, -4.6074489639990155
160, -4.6074489639990155
161, -4.6074489639990155
162, -4.786870988359839
163, -4.786870988359839
164, -4.786870988359839
165, -4.786870988359839
166, -4.786870988359839
167, -4.786870988359839
168, -4.786870988359839
169, -4.786870988359839
170, -4.786870988359839
171, -4.786870988359839
172, -4.786870988359839
173, -4.786870988359839
174, -4.786870988359839
175, -4.786870988359839
176, -4.786870988359839
177, -4.786870988359839
178, -4.786870988359839
179, -4.786870988359839
180, -4.786870988359839
181, -4.786870988359839
182, -4.786870988359839
183, -4.786870988359839
184, -4.786870988359839
185, -4.786870988359839
186, -4.786870988359839
187, -4.786870988359839
188, -4.786870988359839
189, -4.786870988359839
190, -4.786870988359839
191, -4.786870988359839
192, -4.786870988359839
193, -4.786870988359839
194, -4.786870988359839
195, -4.786870988359839
196, -4.786870988359839
197, -4.786870988359839
198, -4.786870988359839
199, -4.786870988359839
200, -4.786870988359839
201, -4.786870988359839
202, -4.786870988359839
203, -4.786870988359839
204, -4.786870988359839
205, -4.786870988359839
206, -4.786870988359839
207, -4.786870988359839
208, -4.786870988359839
209, -4.786870988359839
210, -4.786870988359839
211, -4.786870988359839
212, -4.786870988359839
213, -4.786870988359839
214, -4.786870988359839
215, -5.3419237631081975
216, -5.3419237631081975
217, -5.3419237631081975
218, -5.3419237631081975
219, -5.3419237631081975
220, -5.3419237631081975
221, -5.3419237631081975
222, -5.3419237631081975
223, -5.3419237631081975
224, -5.3419237631081975
225, -5.3419237631081975
226, -5.3419237631081975
227, -5.3419237631081975
228, -5.3419237631081975
229, -5.3419237631081975
230, -5.3419237631081975
231, -5.3419237631081975
232, -5.3419237631081975
233, -5.3419237631081975
234, -5.3419237631081975
235, -5.3419237631081975
236, -5.3419237631081975
237, -5.3419237631081975
238, -5.3419237631081975
239, -5.3419237631081975
240, -5.3419237631081975
241, -5.3419237631081975
242, -5.3419237631081975
243, -5.3419237631081975
244, -5.3419237631081975
245, -5.3419237631081975
246, -5.3419237631081975
247, -5.3419237631081975
248, -5.3419237631081975
249, -5.3419237631081975
250, -5.3419237631081975
251, -5.3419237631081975
252, -5.3419237631081975
253, -5.3419237631081975
254, -5.3419237631081975
255, -5.3419237631081975
256, -5.3419237631081975
257, -5.3419237631081975
258, -5.3419237631081975
259, -5.3419237631081975
260, -5.3419237631081975
261, -5.3419237631081975
262, -5.3419237631081975
263, -5.3419237631081975
264, -5.3419237631081975
265, -5.3419237631081975
266, -5.3419237631081975
267, -5.3419237631081975
268, -5.3419237631081975
269, -5.3419237631081975
270, -5.3419237631081975
271, -5.3419237631081975
272, -5.3419237631081975
273, -5.3419237631081975
274, -5.3419237631081975
275, -5.3419237631081975
276, -5.3419237631081975
277, -5.3419237631081975
278, -5.3419237631081975
279, -5.3419237631081975
280, -5.3419237631081975
281, -5.3419237631081975
282, -5.3419237631081975
283, -5.3419237631081975
284, -5.3419237631081975
285, -5.3419237631081975
286, -5.3419237631081975
287, -5.3419237631081975
288, -5.3419237631081975
289, -5.3419237631081975
290, -5.3419237631081975
291, -5.3419237631081975
292, -5.3419237631081975
293, -5.3419237631081975
294, -5.3419237631081975
295, -5.3419237631081975
296, -5.3419237631081975
297, -5.3419237631081975
298, -5.3419237631081975
299, -5.3419237631081975
300, -5.3419237631081975
301, -5.3419237631081975
302, -5.3419237631081975
303, -5.3419237631081975
304, -5.3419237631081975
305, -5.3419237631081975
306, -5.3419237631081975
307, -5.3419237631081975
308, -5.3419237631081975
309, -5.3419237631081975
310, -5.3419237631081975
311, -5.3419237631081975
312, -5.3419237631081975
313, -5.3419237631081975
314, -5.3419237631081975
315, -5.3419237631081975
316, -5.3419237631081975
317, -5.3419237631081975
318, -5.3419237631081975
319, -5.3419237631081975
320, -5.3419237631081975
321, -5.3419237631081975
322, -5.3419237631081975
323, -5.3419237631081975
324, -5.3419237631081975
325, -5.3419237631081975
326, -5.3419237631081975
327, -6.4264623263133
328, -6.4264623263133
329, -6.4264623263133
330, -6.4264623263133
331, -6.4264623263133
332, -6.4264623263133
333, -6.4264623263133
334, -6.4264623263133
335, -6.4264623263133
336, -6.4264623263133
337, -6.4264623263133
338, -6.4264623263133
339, -6.4264623263133
340, -6.4264623263133
341, -6.4264623263133
342, -6.4264623263133
343, -6.4264623263133
344, -6.4264623263133
345, -6.4264623263133
346, -6.4264623263133
347, -6.4264623263133
348, -6.4264623263133
349, -6.4264623263133
350, -6.4264623263133
351, -6.4264623263133
352, -6.4264623263133
353, -6.4264623263133
354, -6.4264623263133
355, -6.4264623263133
356, -6.4264623263133
357, -6.4264623263133
358, -6.4264623263133
359, -6.4264623263133
360, -6.4264623263133
361, -6.4264623263133
362, -6.4264623263133
363, -6.4264623263133
364, -6.4264623263133
365, -6.4264623263133
366, -6.4264623263133
367, -6.4264623263133
368, -6.4264623263133
369, -6.4264623263133
370, -6.4264623263133
371, -6.4264623263133
372, -6.4264623263133
373, -6.4264623263133
374, -6.4264623263133
375, -6.4264623263133
376, -6.4264623263133
377, -6.4264623263133
378, -6.4264623263133
379, -6.4264623263133
380, -6.4264623263133
381, -6.4264623263133
382, -6.4264623263133
383, -6.4264623263133
384, -6.4264623263133
385, -6.4264623263133
386, -6.4264623263133
387, -6.4264623263133
388, -6.4264623263133
389, -6.4264623263133
390, -6.4264623263133
391, -6.4264623263133
392, -6.4264623263133
393, -6.4264623263133
394, -6.4264623263133
395, -6.4264623263133
396, -6.4264623263133
397, -6.4264623263133
398, -6.4264623263133
399, -6.4264623263133
400, -6.4264623263133
401, -6.4264623263133
402, -6.4264623263133
403, -6.4264623263133
404, -6.4264623263133
405, -6.4264623263133
406, -6.4264623263133
407, -6.4264623263133
408, -6.4264623263133
409, -6.4264623263133
410, -6.4264623263133
411, -6.4264623263133
412, -6.4264623263133
413, -6.4264623263133
414, -6.4264623263133
415, -6.4264623263133
416, -6.4264623263133
417, -6.4264623263133
418, -6.4264623263133
419, -6.4264623263133
420, -6.4264623263133
421, -6.4264623263133
422, -6.4264623263133
423, -6.4264623263133
424, -6.4264623263133
425, -6.4264623263133
426, -6.4264623263133
427, -6.4264623263133
428, -6.4264623263133
429, -6.4264623263133
430, -6.4264623263133
431, -6.4264623263133
432, -6.4264623263133
433, -6.4264623263133
434, -6.4264623263133
435, -6.4264623263133
436, -6.4264623263133
437, -6.4264623263133
438, -6.4264623263133
439, -6.4264623263133
440, -6.4264623263133
441, -6.4264623263133
442, -6.4264623263133
443, -6.4264623263133
444, -6.4264623263133
445, -6.4264623263133
446, -6.4264623263133
447, -6.4264623263133
448, -6.4264623263133
449, -6.4264623263133
450, -6.4264623263133
451, -6.4264623263133
452, -6.4264623263133
453, -6.4264623263133
454, -6.4264623263133
455, -6.4264623263133
456, -6.4264623263133
457, -6.4264623263133
458, -6.4264623263133
459, -6.4264623263133
460, -6.4264623263133
461, -6.4264623263133
462, -6.4264623263133
463, -6.4264623263133
464, -6.4264623263133
465, -6.4264623263133
466, -6.4264623263133
467, -6.4264623263133
468, -6.4264623263133
469, -6.4264623263133
470, -6.4264623263133
471, -6.4264623263133
472, -6.4264623263133
473, -6.4264623263133
474, -6.4264623263133
475, -6.4264623263133
476, -6.4264623263133
477, -6.4264623263133
478, -6.4264623263133
479, -6.4264623263133
480, -6.4264623263133
481, -6.4264623263133
482, -6.4264623263133
483, -6.4264623263133
484, -6.4264623263133
485, -6.4264623263133
486, -6.4264623263133
487, -6.4264623263133
488, -6.4264623263133
489, -6.4264623263133
490, -6.4264623263133
491, -6.4264623263133
492, -6.4264623263133
493, -6.4264623263133
494, -6.4264623263133
495, -6.4264623263133
496, -6.4264623263133
497, -6.4264623263133
498, -6.4264623263133
499, -6.4264623263133
