0, -1.0574936338975953
1, -1.0574936338975953
2, -1.2789938918598152
3, -1.2789938918598152
4, -1.4494050588067773
5, -1.6009827590971606
6, -1.6009827590971606
7, -1.6009827590971606
8, -1.924547943746707
9, -3.6307430873127617
10, -3.6307430873127617
11, -3.6307430873127617
12, -3.6307430873127617
13, -3.6307430873127617
14, -3.6307430873127617
15, -3.6307430873127617
16, -3.6307430873127617
17, -3.6307430873127617
18, -3.6307430873127617
19, -3.6307430873127617
20, -3.6307430873127617
21, -3.6307430873127617
22, -3.6307430873127617
23, -3.6307430873127617
24, -3.6307430873127617
25, -3.6307430873127617
26, -3.6307430873127617
27, -3.6307430873127617
28, -3.6307430873127617
29, -3.6307430873127617
30, -3.6307430873127617
31, -3.6307430873127617
32, -3.6307430873127617
33, -3.6307430873127617
34, -3.6307430873127617
35, -3.6307430873127617
36, -3.6307430873127617
37, -3.8893148091621192
38, -3.8893148091621192
39, -3.8893148091621192
40, -3.8893148091621192
41, -3.8893148091621192
42, -3.8893148091621192
43, -3.8893148091621192
44, -3.8893148091621192
45, -3.8893148091621192
46, -3.8893148091621192
47, -3.8893148091621192
48, -3.8893148091621192
49, -3.8893148091621192
50, -3.8893148091621192
51, -4.41764025508869
52, -4.41764025508869
53, -4.41764025508869
54, -4.41764025508869
55, -4.41764025508869
56, -4.41764025508869
57, -4.41764025508869
58, -4.41764025508869
59, -4.41764025508869
60, -4.41764025508869
61, -4.41764025508869
62, -4.41764025508869
63, -6.257854198246646
64, -6.257854198246646
65, -6.257854198246646
66, -6.257854198246646
67, -6.257854198246646
68, -6.257854198246646
69, -6.257854198246646
70, -6.257854198246646
71, -6.257854198246646
72, -6.257854198246646
73, -6.257854198246646
74, -6.257854198246646
75, -6.257854198246646
76, -6.257854198246646
77, -6.257854198246646
78, -6.257854198246646
79, -6.257854198246646
80, -6.257854198246646
81, -6.257854198246646
82, -6.257854198246646
83, -6.257854198246646
84, -6.257854198246646
85, -6.257854198246646
86, -6.257854198246646
87, -6.257854198246646
88, -6.257854198246646
89, -6.257854198246646
90, -6.257854198246646
91, -6.257854198246646
92, -6.257854198246646
93, -6.257854198246646
94, -6.257854198246646
95, -6.257854198246646
96, -6.257854198246646
97, -6.257854198246646
98, -6.257854198246646
99, -6.257854198246646
100, -6.257854198246646
101, -6.257854198246646
102, -6.257854198246646
103, -6.257854198246646
104, -6.257854198246646
105, -6.257854198246646
106, -6.257854198246646
107, -6.257854198246646
108, -6.257854198246646
109, -6.257854198246646
110, -6.257854198246646
111, -6.257854198246646
112, -6.257854198246646
113, -6.257854198246646
114, -6.257854198246646
115, -6.257854198246646
116, -6.257854198246646
117, -6.257854198246646
118, -6.257854198246646
119, -6.257854198246646
120, -6.257854198246646
121, -6.257854198246646
122, -6.257854198246646
123, -6.257854198246646
124, -6.257854198246646
125, -6.257854198246646
126, -6.257854198246646
127, -6.257854198246646
128, -6.814232490997481
129, -6.814232490997481
130, -6.814232490997481
131, -6.814232490997481
132, -6.814232490997481
133, -6.814232490997481
134, -6.814232490997481
135, -6.814232490997481
136, -6.814232490997481
137, -6.814232490997481
138, -6.814232490997481
139, -6.814232490997481
140, -6.814232490997481
141, -6.814232490997481
142, -6.814232490997481
143, -6.814232490997481
144, -6.814232490997481
145, -6.814232490997481
146, -6.814232490997481
147, -6.814232490997481
148, -6.814232490997481
149, -6.814232490997481
150, -6.814232490997481
151, -6.814232490997481
152, -6.814232490997481
153, -6.814232490997481
154, -6.814232490997481
155, -6.814232490997481
156, -6.814232490997481
157, -6.814232490997481
158, -6.814232490997481
159, -6.814232490997481
160, -6.814232490997481
161, -6.814232490997481
162, -6.814232490997481
163, -6.814232490997481
164, -6.814232490997481
165, -6.814232490997481
166, -6.814232490997481
167, -6.814232490997481
168, -6.814232490997481
169, -6.814232490997481
170, -6.814232490997481
171, -6.814232490997481
172, -6.814232490997481
173, -6.814232490997481
174, -6.814232490997481
175, -6.814232490997481
176, -6.814232490997481
177, -6.814232490997481
178, -6.814232490997481
179, -6.814232490997481
180, -6.814232490997481
181, -6.814232490997481
182, -6.814232490997481
183, -6.814232490997481
184, -6.814232490997481
185, -6.814232490997481
186, -6.814232490997481
187, -6.814232490997481
188, -6.814232490997481
189, -6.814232490997481
190, -6.814232490997481
191, -6.814232490997481
192, -6.814232490997481
193, -6.814232490997481
194, -6.814232490997481
195, -6.814232490997481
196, -6.814232490997481
197, -6.814232490997481
198, -6.814232490997481
199, -6.814232490997481
200, -6.814232490997481
201, -6.814232490997481
202, -6.814232490997481
203, -6.814232490997481
204, -6.814232490997481
205, -6.814232490997481
206, -6.814232490997481
207, -6.814232490997481
208, -6.814232490997481
209, -6.814232490997481
210, -6.814232490997481
211, -6.814232490997481
212, -6.814232490997481
213, -6.814232490997481
214, -6.814232490997481
215, -6.814232490997481
216, -6.814232490997481
217, -6.814232490997481
218, -6.814232490997481
219, -6.814232490997481
220, -6.814232490997481
221, -6.814232490997481
222, -6.814232490997481
223, -6.814232490997481
224, -6.814232490997481
225, -6.814232490997481
226, -6.814232490997481
227, -6.814232490997481
228, -6.814232490997481
229, -6.814232490997481
230, -6.814232490997481
231, -6.814232490997481
232, -6.814232490997481
233, -6.814232490997481
234, -6.814232490997481
235, -6.814232490997481
236, -6.814232490997481
237, -6.814232490997481
238, -6.814232490997481
239, -6.814232490997481
240, -6.814232490997481
241, -6.814232490997481
242, -6.814232490997481
243, -6.814232490997481
244, -6.814232490997481
245, -6.814232490997481
246, -6.814232490997481
247, -6.814232490997481
248, -6.814232490997481
249, -6.814232490997481
250, -6.814232490997481
251, -6.814232490997481
252, -6.814232490997481
253, -6.814232490997481
254, -6.814232490997481
255, -6.814232490997481
256, -6.814232490997481
257, -6.814232490997481
258, -6.814232490997481
259, -6.814232490997481
260, -6.814232490997481
261, -6.814232490997481
262, -6.814232490997481
263, -6.814232490997481
264, -6.814232490997481
265, -6.814232490997481
266, -6.814232490997481
267, -6.814232490997481
268, -6.814232490997481
269, -6.814232490997481
270, -6.814232490997481
271, -6.814232490997481
272, -6.814232490997481
273, -6.814232490997481
274, -6.814232490997481
275, -6.814232490997481
276, -6.814232490997481
277, -6.814232490997481
278, -6.814232490997481
279, -6.814232490997481
280, -6.814232490997481
281, -6.814232490997481
282, -6.814232490997481
283, -6.814232490997481
284, -6.814232490997481
285, -6.814232490997481
286, -6.814232490997481
287, -6.814232490997481
288, -6.814232490997481
289, -6.814232490997481
290, -6.814232490997481
291, -6.814232490997481
292, -6.814232490997481
293, -6.814232490997481
294, -6.814232490997481
295, -6.814232490997481
296, -6.814232490997481
297, -6.814232490997481
298, -6.814232490997481
299, -6.814232490997481
300, -6.814232490997481
301, -6.814232490997481
302, -6.814232490997481
303, -6.814232490997481
304, -6.814232490997481
305, -6.814232490997481
306, -6.814232490997481
307, -6.814232490997481
308, -6.814232490997481
309, -6.814232490997481
310, -6.814232490997481
311, -6.814232490997481
312, -6.814232490997481
313, -6.814232490997481
314, -6.814232490997481
315, -6.814232490997481
316, -6.814232490997481
317, -6.814232490997481
318, -6.814232490997481
319, -6.814232490997481
320, -6.814232490997481
321, -6.814232490997481
322, -6.814232490997481
323, -6.814232490997481
324, -6.814232490997481
325, -6.814232490997481
326, -6.814232490997481
327, -6.814232490997481
328, -6.814232490997481
329, -6.814232490997481
330, -6.814232490997481
331, -6.814232490997481
332, -6.814232490997481
333, -6.814232490997481
334, -6.814232490997481
335, -6.814232490997481
336, -6.814232490997481
337, -6.814232490997481
338, -6.814232490997481
339, -6.814232490997481
340, -6.814232490997481
341, -6.814232490997481
342, -6.814232490997481
343, -6.814232490997481
344, -6.814232490997481
345, -6.814232490997481
346, -6.814232490997481
347, -6.814232490997481
348, -6.814232490997481
349, -6.814232490997481
350, -6.814232490997481
351, -6.814232490997481
352, -6.814232490997481
353, -6.814232490997481
354, -6.814232490997481
355, -6.814232490997481
356, -6.814232490997481
357, -6.814232490997481
358, -6.814232490997481
359, -6.814232490997481
360, -6.814232490997481
361, -6.814232490997481
362, -6.814232490997481
363, -6.814232490997481
364, -6.814232490997481
365, -6.814232490997481
366, -6.814232490997481
367, -6.814232490997481
368, -6.814232490997481
369, -6.814232490997481
370, -6.814232490997481
371, -6.814232490997481
372, -6.814232490997481
373, -6.814232490997481
374, -6.814232490997481
375, -6.814232490997481
376, -6.814232490997481
377, -6.814232490997481
378, -6.814232490997481
379, -6.814232490997481
380, -6.814232490997481
381, -6.814232490997481
382, -6.814232490997481
383, -6.814232490997481
384, -6.814232490997481
385, -6.814232490997481
386, -6.814232490997481
387, -6.814232490997481
388, -6.814232490997481
389, -6.814232490997481
390, -6.814232490997481
391, -6.814232490997481
392, -6.814232490997481
393, -6.814232490997481
394, -6.814232490997481
395, -6.814232490997481
396, -6.814232490997481
397, -6.814232490997481
398, -6.814232490997481
399, -6.814232490997481
400, -6.814232490997481
401, -6.814232490997481
402, -6.814232490997481
403, -6.814232490997481
404, -6.814232490997481
405, -6.814232490997481
406, -6.814232490997481
407, -6.814232490997481
408, -6.814232490997481
409, -6.814232490997481
410, -6.814232490997481
411, -6.814232490997481
412, -6.814232490997481
413, -6.814232490997481
414, -6.814232490997481
415, -6.814232490997481
416, -6.814232490997481
417, -6.814232490997481
418, -6.814232490997481
419, -6.814232490997481
420, -6.814232490997481
421, -6.814232490997481
422, -6.814232490997481
423, -6.814232490997481
424, -6.814232490997481
425, -6.814232490997481
426, -6.814232490997481
427, -6.814232490997481
428, -6.814232490997481
429, -6.814232490997481
430, -6.814232490997481
431, -6.814232490997481
432, -6.814232490997481
433, -6.814232490997481
434, -6.814232490997481
435, -6.814232490997481
436, -6.814232490997481
437, -6.814232490997481
438, -6.814232490997481
439, -6.814232490997481
440, -6.814232490997481
441, -6.814232490997481
442, -6.814232490997481
443, -6.814232490997481
444, -6.814232490997481
445, -6.814232490997481
446, -6.814232490997481
447, -6.814232490997481
448, -6.814232490997481
449, -6.814232490997481
450, -6.814232490997481
451, -6.814232490997481
452, -6.814232490997481
453, -6.814232490997481
454, -6.814232490997481
455, -6.814232490997481
456, -6.814232490997481
457, -6.814232490997481
458, -6.814232490997481
459, -6.814232490997481
460, -6.814232490997481
461, -6.814232490997481
462, -6.814232490997481
463, -6.814232490997481
464, -6.814232490997481
465, -6.814232490997481
466, -6.814232490997481
467, -6.814232490997481
468, -6.814232490997481
469, -6.814232490997481
470, -6.814232490997481
471, -6.814232490997481
472, -6.814232490997481
473, -6.814232490997481
474, -6.814232490997481
475, -6.814232490997481
476, -6.814232490997481
477, -6.814232490997481
478, -6.814232490997481
479, -6.814232490997481
480, -6.814232490997481
481, -6.814232490997481
482, -6.814232490997481
483, -6.814232490997481
484, -6.814232490997481
485, -6.814232490997481
486, -6.814232490997481
487, -6.814232490997481
488, -6.814232490997481
489, -6.814232490997481
490, -6.814232490997481
491, -6.814232490997481
492, -6.814232490997481
493, -6.814232490997481
494, -6.814232490997481
495, -6.814232490997481
496, -6.814232490997481
497, -6.814232490997481
498, -6.814232490997481
499, -6.814232490997481
