[[-0.37207284  0.84050623 -0.64671666  0.18071478]
 [ 0.1746952  -0.04465512 -0.89204409 -0.76399343]
 [ 0.79805247 -0.42950886 -0.97481517  0.17539988]
 [ 0.90491014  0.9768632   0.15553369  0.47836821]
 [-0.94996622 -0.83524142 -0.66220069  0.42343103]
 [ 0.90963211  0.50471881 -0.75343161  0.76504101]
 [-0.55355569 -0.82624848  0.6007367   0.59901167]
 [ 0.3139203  -0.47586912  0.11959028  0.93388804]
 [-0.97642654  0.93212995  0.12890013  0.4464403 ]
 [ 0.47070948  0.56128623  0.20928827 -0.73468093]
 [ 0.69560221  0.35405085  0.36671175 -0.76887108]
 [ 0.51775687 -0.479579   -0.1920438   0.712073  ]
 [ 0.10698408 -0.20833271  0.63166456  0.49696495]
 [-0.68775772 -0.33346402  0.77641014  0.59547234]
 [ 0.23992865  0.30192451 -0.20895983  0.09891309]
 [-0.15636113 -0.48364789 -0.01989399  0.18746189]
 [ 0.19873192  0.50273873 -0.21852113 -0.18909733]
 [ 0.39543395 -0.77362072 -0.28822765  0.11761033]
 [-0.19698475 -0.4857802  -0.22332233  0.58398762]
 [ 0.57678918 -0.82537915 -0.10539855  0.58265907]
 [ 0.47143157 -0.93060969 -0.96493186  0.14134158]]
[4, 4, 4, 4, 4, 4]