0, -2.4316126142398136
1, -2.4316126142398136
2, -2.4316126142398136
3, -2.4316126142398136
4, -2.4316126142398136
5, -2.5315898050701495
6, -2.5315898050701495
7, -2.5315898050701495
8, -2.5315898050701495
9, -2.5315898050701495
10, -2.5315898050701495
11, -2.7932131070948767
12, -2.7932131070948767
13, -2.7932131070948767
14, -2.7932131070948767
15, -2.7932131070948767
16, -2.7932131070948767
17, -2.7932131070948767
18, -3.4486223504084306
19, -3.4486223504084306
20, -3.4486223504084306
21, -3.4486223504084306
22, -3.4486223504084306
23, -3.4486223504084306
24, -3.4486223504084306
25, -3.4486223504084306
26, -3.4486223504084306
27, -3.4486223504084306
28, -3.4486223504084306
29, -3.4486223504084306
30, -3.4486223504084306
31, -3.4486223504084306
32, -3.4486223504084306
33, -3.4486223504084306
34, -3.4486223504084306
35, -3.4486223504084306
36, -3.4486223504084306
37, -3.4486223504084306
38, -3.4486223504084306
39, -3.4486223504084306
40, -3.4486223504084306
41, -3.4486223504084306
42, -3.4486223504084306
43, -3.4486223504084306
44, -3.4486223504084306
45, -3.4486223504084306
46, -3.4486223504084306
47, -3.4486223504084306
48, -3.4486223504084306
49, -3.4486223504084306
50, -3.4486223504084306
51, -3.4486223504084306
52, -3.4486223504084306
53, -3.4486223504084306
54, -3.4486223504084306
55, -3.4486223504084306
56, -3.4486223504084306
57, -3.4486223504084306
58, -3.4486223504084306
59, -3.4486223504084306
60, -4.39489933728485
61, -4.39489933728485
62, -4.39489933728485
63, -4.39489933728485
64, -4.39489933728485
65, -4.39489933728485
66, -4.39489933728485
67, -4.39489933728485
68, -4.39489933728485
69, -4.39489933728485
70, -4.39489933728485
71, -4.39489933728485
72, -4.39489933728485
73, -4.39489933728485
74, -4.39489933728485
75, -4.39489933728485
76, -4.39489933728485
77, -4.39489933728485
78, -4.39489933728485
79, -4.39489933728485
80, -4.39489933728485
81, -4.39489933728485
82, -4.39489933728485
83, -4.39489933728485
84, -4.39489933728485
85, -4.39489933728485
86, -4.39489933728485
87, -4.39489933728485
88, -4.39489933728485
89, -4.39489933728485
90, -4.39489933728485
91, -4.39489933728485
92, -4.39489933728485
93, -4.39489933728485
94, -4.39489933728485
95, -4.39489933728485
96, -4.39489933728485
97, -4.39489933728485
98, -4.39489933728485
99, -4.39489933728485
100, -4.39489933728485
101, -4.39489933728485
102, -4.39489933728485
103, -4.39489933728485
104, -4.39489933728485
105, -4.39489933728485
106, -4.39489933728485
107, -4.39489933728485
108, -4.39489933728485
109, -4.39489933728485
110, -4.39489933728485
111, -4.39489933728485
112, -4.39489933728485
113, -4.39489933728485
114, -4.39489933728485
115, -4.39489933728485
116, -4.39489933728485
117, -4.39489933728485
118, -4.39489933728485
119, -4.63419463156024
120, -4.63419463156024
121, -4.63419463156024
122, -4.63419463156024
123, -4.63419463156024
124, -4.63419463156024
125, -4.63419463156024
126, -4.63419463156024
127, -4.63419463156024
128, -4.63419463156024
129, -4.63419463156024
130, -4.63419463156024
131, -4.63419463156024
132, -4.63419463156024
133, -4.63419463156024
134, -4.63419463156024
135, -4.63419463156024
136, -4.63419463156024
137, -4.63419463156024
138, -4.63419463156024
139, -4.63419463156024
140, -4.63419463156024
141, -4.63419463156024
142, -4.63419463156024
143, -4.63419463156024
144, -4.63419463156024
145, -4.63419463156024
146, -4.63419463156024
147, -4.63419463156024
148, -4.63419463156024
149, -4.63419463156024
150, -4.63419463156024
151, -4.63419463156024
152, -4.63419463156024
153, -4.63419463156024
154, -4.63419463156024
155, -4.63419463156024
156, -4.63419463156024
157, -4.63419463156024
158, -4.63419463156024
159, -4.63419463156024
160, -4.63419463156024
161, -4.63419463156024
162, -4.63419463156024
163, -4.63419463156024
164, -4.63419463156024
165, -4.63419463156024
166, -4.63419463156024
167, -4.63419463156024
168, -4.63419463156024
169, -4.63419463156024
170, -4.63419463156024
171, -4.63419463156024
172, -4.63419463156024
173, -4.63419463156024
174, -4.63419463156024
175, -4.63419463156024
176, -4.63419463156024
177, -4.63419463156024
178, -4.63419463156024
179, -4.63419463156024
180, -4.63419463156024
181, -4.63419463156024
182, -4.63419463156024
183, -4.63419463156024
184, -4.63419463156024
185, -5.745003657365515
186, -5.745003657365515
187, -5.745003657365515
188, -5.745003657365515
189, -5.745003657365515
190, -5.745003657365515
191, -5.745003657365515
192, -5.745003657365515
193, -5.745003657365515
194, -5.745003657365515
195, -5.745003657365515
196, -5.745003657365515
197, -5.745003657365515
198, -5.745003657365515
199, -5.745003657365515
200, -5.745003657365515
201, -5.745003657365515
202, -5.745003657365515
203, -5.745003657365515
204, -5.745003657365515
205, -5.745003657365515
206, -5.745003657365515
207, -5.745003657365515
208, -5.745003657365515
209, -5.745003657365515
210, -5.745003657365515
211, -5.745003657365515
212, -5.745003657365515
213, -5.745003657365515
214, -5.745003657365515
215, -5.745003657365515
216, -5.745003657365515
217, -5.745003657365515
218, -5.745003657365515
219, -5.745003657365515
220, -5.745003657365515
221, -5.745003657365515
222, -5.745003657365515
223, -5.745003657365515
224, -5.745003657365515
225, -5.745003657365515
226, -5.745003657365515
227, -5.745003657365515
228, -5.745003657365515
229, -5.745003657365515
230, -5.745003657365515
231, -5.745003657365515
232, -5.745003657365515
233, -5.745003657365515
234, -5.745003657365515
235, -5.745003657365515
236, -5.745003657365515
237, -5.745003657365515
238, -5.745003657365515
239, -5.745003657365515
240, -5.745003657365515
241, -5.745003657365515
242, -5.745003657365515
243, -5.745003657365515
244, -5.745003657365515
245, -5.745003657365515
246, -5.745003657365515
247, -5.745003657365515
248, -5.745003657365515
249, -5.745003657365515
250, -5.745003657365515
251, -5.745003657365515
252, -5.745003657365515
253, -5.745003657365515
254, -5.745003657365515
255, -5.745003657365515
256, -5.745003657365515
257, -5.745003657365515
258, -5.745003657365515
259, -5.745003657365515
260, -5.745003657365515
261, -5.745003657365515
262, -5.745003657365515
263, -5.745003657365515
264, -5.745003657365515
265, -5.745003657365515
266, -5.745003657365515
267, -5.745003657365515
268, -5.745003657365515
269, -5.745003657365515
270, -5.745003657365515
271, -5.745003657365515
272, -5.745003657365515
273, -5.745003657365515
274, -5.745003657365515
275, -5.745003657365515
276, -5.745003657365515
277, -5.745003657365515
278, -5.745003657365515
279, -5.745003657365515
280, -5.745003657365515
281, -5.745003657365515
282, -5.745003657365515
283, -5.745003657365515
284, -5.745003657365515
285, -5.745003657365515
286, -5.745003657365515
287, -5.745003657365515
288, -5.745003657365515
289, -5.745003657365515
290, -5.745003657365515
291, -5.745003657365515
292, -5.745003657365515
293, -5.745003657365515
294, -5.745003657365515
295, -5.745003657365515
296, -5.745003657365515
297, -5.745003657365515
298, -5.745003657365515
299, -5.745003657365515
300, -5.745003657365515
301, -5.745003657365515
302, -5.745003657365515
303, -5.745003657365515
304, -5.745003657365515
305, -5.745003657365515
306, -5.745003657365515
307, -5.745003657365515
308, -5.745003657365515
309, -5.745003657365515
310, -5.745003657365515
311, -5.745003657365515
312, -5.745003657365515
313, -5.745003657365515
314, -5.745003657365515
315, -5.745003657365515
316, -5.745003657365515
317, -5.745003657365515
318, -5.745003657365515
319, -5.745003657365515
320, -5.745003657365515
321, -5.745003657365515
322, -5.745003657365515
323, -5.745003657365515
324, -5.745003657365515
325, -5.745003657365515
326, -5.745003657365515
327, -5.745003657365515
328, -5.745003657365515
329, -5.745003657365515
330, -5.745003657365515
331, -5.745003657365515
332, -5.745003657365515
333, -5.745003657365515
334, -5.745003657365515
335, -5.745003657365515
336, -5.745003657365515
337, -5.745003657365515
338, -5.745003657365515
339, -5.745003657365515
340, -5.745003657365515
341, -5.745003657365515
342, -5.745003657365515
343, -5.745003657365515
344, -5.745003657365515
345, -5.745003657365515
346, -5.745003657365515
347, -5.745003657365515
348, -5.745003657365515
349, -5.745003657365515
350, -5.745003657365515
351, -5.745003657365515
352, -5.745003657365515
353, -5.745003657365515
354, -5.745003657365515
355, -5.745003657365515
356, -5.745003657365515
357, -5.745003657365515
358, -5.745003657365515
359, -5.745003657365515
360, -5.745003657365515
361, -5.745003657365515
362, -5.745003657365515
363, -5.745003657365515
364, -5.745003657365515
365, -5.745003657365515
366, -5.745003657365515
367, -5.745003657365515
368, -5.745003657365515
369, -5.745003657365515
370, -5.745003657365515
371, -5.745003657365515
372, -5.745003657365515
373, -5.745003657365515
374, -5.745003657365515
375, -5.745003657365515
376, -5.745003657365515
377, -5.745003657365515
378, -5.745003657365515
379, -5.745003657365515
380, -5.745003657365515
381, -5.745003657365515
382, -5.745003657365515
383, -5.745003657365515
384, -5.745003657365515
385, -5.745003657365515
386, -5.745003657365515
387, -5.745003657365515
388, -5.745003657365515
389, -5.745003657365515
390, -5.745003657365515
391, -5.745003657365515
392, -7.273700924286325
393, -7.273700924286325
394, -7.273700924286325
395, -7.273700924286325
396, -7.273700924286325
397, -7.273700924286325
398, -7.273700924286325
399, -7.273700924286325
400, -7.273700924286325
401, -7.273700924286325
402, -7.273700924286325
403, -7.273700924286325
404, -7.273700924286325
405, -7.273700924286325
406, -7.273700924286325
407, -7.273700924286325
408, -7.273700924286325
409, -7.273700924286325
410, -7.273700924286325
411, -7.273700924286325
412, -7.273700924286325
413, -7.273700924286325
414, -7.273700924286325
415, -7.273700924286325
416, -7.273700924286325
417, -7.273700924286325
418, -7.273700924286325
419, -7.273700924286325
420, -7.273700924286325
421, -7.273700924286325
422, -7.273700924286325
423, -7.273700924286325
424, -7.273700924286325
425, -7.273700924286325
426, -7.273700924286325
427, -7.273700924286325
428, -7.273700924286325
429, -7.273700924286325
430, -7.273700924286325
431, -7.273700924286325
432, -7.273700924286325
433, -7.273700924286325
434, -7.273700924286325
435, -7.273700924286325
436, -7.273700924286325
437, -7.273700924286325
438, -7.273700924286325
439, -7.273700924286325
440, -7.273700924286325
441, -7.273700924286325
442, -7.273700924286325
443, -7.273700924286325
444, -7.273700924286325
445, -7.273700924286325
446, -7.273700924286325
447, -7.273700924286325
448, -7.273700924286325
449, -7.273700924286325
450, -7.273700924286325
451, -7.273700924286325
452, -7.273700924286325
453, -7.273700924286325
454, -7.273700924286325
455, -7.273700924286325
456, -7.273700924286325
457, -7.273700924286325
458, -7.273700924286325
459, -7.273700924286325
460, -7.273700924286325
461, -7.273700924286325
462, -7.273700924286325
463, -7.273700924286325
464, -7.273700924286325
465, -7.273700924286325
466, -7.273700924286325
467, -7.273700924286325
468, -7.273700924286325
469, -7.273700924286325
470, -7.273700924286325
471, -7.273700924286325
472, -7.273700924286325
473, -7.273700924286325
474, -7.273700924286325
475, -7.273700924286325
476, -7.273700924286325
477, -7.273700924286325
478, -7.273700924286325
479, -7.273700924286325
480, -7.273700924286325
481, -7.273700924286325
482, -7.273700924286325
483, -7.273700924286325
484, -7.273700924286325
485, -7.273700924286325
486, -7.273700924286325
487, -7.273700924286325
488, -7.273700924286325
489, -7.273700924286325
490, -7.273700924286325
491, -7.273700924286325
492, -7.273700924286325
493, -7.273700924286325
494, -7.273700924286325
495, -7.273700924286325
496, -7.273700924286325
497, -7.273700924286325
498, -7.273700924286325
499, -7.273700924286325
