0, -1.0020447510396968
1, -1.0020447510396968
2, -1.134506731416479
3, -1.340456938703117
4, -1.549089866127256
5, -2.4671278890514126
6, -2.4671278890514126
7, -2.4671278890514126
8, -2.4671278890514126
9, -2.4671278890514126
10, -2.4671278890514126
11, -2.4671278890514126
12, -2.4671278890514126
13, -2.4671278890514126
14, -2.4671278890514126
15, -2.4671278890514126
16, -2.4671278890514126
17, -2.4671278890514126
18, -2.4671278890514126
19, -2.4671278890514126
20, -3.7374005286143057
21, -3.7374005286143057
22, -4.047142342877242
23, -4.047142342877242
24, -4.047142342877242
25, -4.047142342877242
26, -4.047142342877242
27, -4.047142342877242
28, -4.047142342877242
29, -4.047142342877242
30, -4.047142342877242
31, -4.047142342877242
32, -4.047142342877242
33, -4.047142342877242
34, -4.047142342877242
35, -4.047142342877242
36, -4.047142342877242
37, -4.047142342877242
38, -4.047142342877242
39, -4.047142342877242
40, -4.047142342877242
41, -4.047142342877242
42, -4.047142342877242
43, -4.047142342877242
44, -4.047142342877242
45, -4.047142342877242
46, -4.047142342877242
47, -4.047142342877242
48, -4.047142342877242
49, -4.047142342877242
50, -4.047142342877242
51, -4.047142342877242
52, -4.4194868657239486
53, -4.4194868657239486
54, -4.4194868657239486
55, -4.4194868657239486
56, -4.4194868657239486
57, -4.4194868657239486
58, -4.4194868657239486
59, -4.4194868657239486
60, -4.4194868657239486
61, -4.4194868657239486
62, -4.4194868657239486
63, -4.4194868657239486
64, -4.4194868657239486
65, -4.4194868657239486
66, -4.4194868657239486
67, -4.4194868657239486
68, -4.4194868657239486
69, -4.4194868657239486
70, -4.4194868657239486
71, -4.4194868657239486
72, -4.4194868657239486
73, -4.4194868657239486
74, -4.4194868657239486
75, -4.4194868657239486
76, -4.4194868657239486
77, -4.4194868657239486
78, -4.4194868657239486
79, -4.4194868657239486
80, -4.4194868657239486
81, -4.4194868657239486
82, -4.4194868657239486
83, -4.4194868657239486
84, -4.4194868657239486
85, -4.4194868657239486
86, -4.4194868657239486
87, -4.4194868657239486
88, -4.4194868657239486
89, -4.4194868657239486
90, -4.4194868657239486
91, -4.4194868657239486
92, -4.4194868657239486
93, -4.4194868657239486
94, -4.4194868657239486
95, -4.4194868657239486
96, -4.4194868657239486
97, -4.4194868657239486
98, -4.4194868657239486
99, -4.4194868657239486
100, -4.4194868657239486
101, -4.4194868657239486
102, -4.4194868657239486
103, -4.4194868657239486
104, -4.4194868657239486
105, -4.4194868657239486
106, -4.4194868657239486
107, -4.4194868657239486
108, -4.4194868657239486
109, -4.4194868657239486
110, -4.4194868657239486
111, -4.4194868657239486
112, -4.4194868657239486
113, -4.4194868657239486
114, -4.4194868657239486
115, -4.4194868657239486
116, -4.4194868657239486
117, -4.4194868657239486
118, -4.4194868657239486
119, -4.4194868657239486
120, -4.4194868657239486
121, -4.4194868657239486
122, -4.4194868657239486
123, -4.4194868657239486
124, -4.4194868657239486
125, -4.4194868657239486
126, -4.4194868657239486
127, -4.4194868657239486
128, -4.4194868657239486
129, -4.4194868657239486
130, -4.4194868657239486
131, -4.4194868657239486
132, -4.4194868657239486
133, -4.4194868657239486
134, -4.4194868657239486
135, -4.4194868657239486
136, -4.4194868657239486
137, -4.4194868657239486
138, -4.4194868657239486
139, -4.4194868657239486
140, -4.4194868657239486
141, -4.4194868657239486
142, -4.4194868657239486
143, -4.4194868657239486
144, -4.4194868657239486
145, -4.4194868657239486
146, -4.4194868657239486
147, -4.4194868657239486
148, -4.4194868657239486
149, -4.4194868657239486
150, -4.4194868657239486
151, -4.4194868657239486
152, -4.4194868657239486
153, -4.4194868657239486
154, -4.4194868657239486
155, -4.4194868657239486
156, -4.4194868657239486
157, -4.4194868657239486
158, -4.4194868657239486
159, -4.4194868657239486
160, -4.4194868657239486
161, -4.4194868657239486
162, -4.4194868657239486
163, -4.4194868657239486
164, -4.4194868657239486
165, -4.4194868657239486
166, -4.4194868657239486
167, -4.4194868657239486
168, -4.4194868657239486
169, -4.4194868657239486
170, -4.4194868657239486
171, -4.4194868657239486
172, -4.4194868657239486
173, -4.4194868657239486
174, -4.4194868657239486
175, -4.4194868657239486
176, -4.4194868657239486
177, -4.4194868657239486
178, -4.4194868657239486
179, -4.4194868657239486
180, -4.4194868657239486
181, -4.4194868657239486
182, -4.4194868657239486
183, -4.4194868657239486
184, -4.4194868657239486
185, -4.4194868657239486
186, -4.4194868657239486
187, -4.4194868657239486
188, -4.4194868657239486
189, -4.4194868657239486
190, -4.4194868657239486
191, -4.4194868657239486
192, -4.4194868657239486
193, -4.4194868657239486
194, -4.4194868657239486
195, -4.4194868657239486
196, -4.4194868657239486
197, -4.4194868657239486
198, -4.4194868657239486
199, -4.4194868657239486
200, -4.4194868657239486
201, -4.4194868657239486
202, -4.4194868657239486
203, -4.4194868657239486
204, -4.4194868657239486
205, -4.4194868657239486
206, -4.4194868657239486
207, -4.4194868657239486
208, -4.4194868657239486
209, -4.4194868657239486
210, -4.4194868657239486
211, -4.4194868657239486
212, -4.4194868657239486
213, -4.4194868657239486
214, -4.4194868657239486
215, -4.4194868657239486
216, -4.4194868657239486
217, -4.4194868657239486
218, -4.4194868657239486
219, -4.4194868657239486
220, -4.4194868657239486
221, -4.4194868657239486
222, -4.4194868657239486
223, -4.4194868657239486
224, -4.4194868657239486
225, -4.4194868657239486
226, -4.4194868657239486
227, -4.4194868657239486
228, -4.4194868657239486
229, -4.4194868657239486
230, -4.4194868657239486
231, -4.4194868657239486
232, -4.4194868657239486
233, -4.4194868657239486
234, -4.4194868657239486
235, -4.4194868657239486
236, -4.4194868657239486
237, -4.4194868657239486
238, -4.4194868657239486
239, -4.4194868657239486
240, -4.4194868657239486
241, -4.4194868657239486
242, -4.4194868657239486
243, -4.4194868657239486
244, -4.4194868657239486
245, -4.4194868657239486
246, -4.4194868657239486
247, -4.4194868657239486
248, -4.4194868657239486
249, -4.4194868657239486
250, -4.4194868657239486
251, -4.4194868657239486
252, -4.4194868657239486
253, -4.4194868657239486
254, -4.4194868657239486
255, -4.4194868657239486
256, -4.4194868657239486
257, -4.4194868657239486
258, -4.4194868657239486
259, -4.4194868657239486
260, -4.4194868657239486
261, -4.4194868657239486
262, -4.4194868657239486
263, -4.4194868657239486
264, -4.4194868657239486
265, -4.4194868657239486
266, -4.4194868657239486
267, -4.4194868657239486
268, -4.796519015407203
269, -4.796519015407203
270, -4.796519015407203
271, -4.796519015407203
272, -4.796519015407203
273, -4.796519015407203
274, -4.796519015407203
275, -4.796519015407203
276, -4.796519015407203
277, -4.796519015407203
278, -4.796519015407203
279, -4.796519015407203
280, -4.796519015407203
281, -4.796519015407203
282, -4.796519015407203
283, -4.796519015407203
284, -4.796519015407203
285, -4.796519015407203
286, -4.796519015407203
287, -4.796519015407203
288, -4.796519015407203
289, -4.796519015407203
290, -4.796519015407203
291, -4.796519015407203
292, -4.796519015407203
293, -4.796519015407203
294, -4.796519015407203
295, -4.796519015407203
296, -4.796519015407203
297, -4.796519015407203
298, -4.796519015407203
299, -4.796519015407203
300, -4.796519015407203
301, -4.796519015407203
302, -4.796519015407203
303, -4.796519015407203
304, -4.796519015407203
305, -4.796519015407203
306, -4.796519015407203
307, -4.796519015407203
308, -4.796519015407203
309, -4.796519015407203
310, -4.796519015407203
311, -4.796519015407203
312, -4.796519015407203
313, -4.796519015407203
314, -4.796519015407203
315, -4.796519015407203
316, -4.796519015407203
317, -4.796519015407203
318, -4.796519015407203
319, -4.796519015407203
320, -4.796519015407203
321, -4.796519015407203
322, -4.796519015407203
323, -4.796519015407203
324, -4.796519015407203
325, -4.796519015407203
326, -4.796519015407203
327, -4.796519015407203
328, -4.796519015407203
329, -4.796519015407203
330, -4.796519015407203
331, -4.796519015407203
332, -4.796519015407203
333, -4.796519015407203
334, -4.796519015407203
335, -4.796519015407203
336, -4.796519015407203
337, -4.796519015407203
338, -4.796519015407203
339, -4.796519015407203
340, -4.796519015407203
341, -4.796519015407203
342, -4.796519015407203
343, -4.796519015407203
344, -4.796519015407203
345, -4.796519015407203
346, -4.796519015407203
347, -4.796519015407203
348, -4.796519015407203
349, -4.796519015407203
350, -4.796519015407203
351, -4.796519015407203
352, -4.796519015407203
353, -4.796519015407203
354, -4.796519015407203
355, -4.796519015407203
356, -4.796519015407203
357, -4.796519015407203
358, -4.796519015407203
359, -4.796519015407203
360, -4.796519015407203
361, -4.796519015407203
362, -4.796519015407203
363, -4.796519015407203
364, -4.796519015407203
365, -4.796519015407203
366, -4.796519015407203
367, -4.796519015407203
368, -4.796519015407203
369, -4.796519015407203
370, -4.796519015407203
371, -4.796519015407203
372, -4.796519015407203
373, -4.796519015407203
374, -4.796519015407203
375, -4.796519015407203
376, -4.796519015407203
377, -4.796519015407203
378, -4.796519015407203
379, -4.796519015407203
380, -4.796519015407203
381, -4.796519015407203
382, -4.796519015407203
383, -4.796519015407203
384, -4.796519015407203
385, -4.796519015407203
386, -4.796519015407203
387, -4.796519015407203
388, -4.796519015407203
389, -4.796519015407203
390, -4.796519015407203
391, -4.796519015407203
392, -4.796519015407203
393, -4.796519015407203
394, -4.796519015407203
395, -4.796519015407203
396, -4.796519015407203
397, -4.796519015407203
398, -4.796519015407203
399, -4.796519015407203
400, -4.796519015407203
401, -4.796519015407203
402, -4.796519015407203
403, -4.796519015407203
404, -4.796519015407203
405, -4.796519015407203
406, -4.796519015407203
407, -4.796519015407203
408, -4.796519015407203
409, -4.796519015407203
410, -4.796519015407203
411, -4.796519015407203
412, -4.796519015407203
413, -4.796519015407203
414, -4.796519015407203
415, -4.796519015407203
416, -4.796519015407203
417, -4.796519015407203
418, -4.796519015407203
419, -4.796519015407203
420, -4.796519015407203
421, -4.796519015407203
422, -4.796519015407203
423, -4.796519015407203
424, -4.796519015407203
425, -4.796519015407203
426, -4.796519015407203
427, -4.796519015407203
428, -4.796519015407203
429, -4.796519015407203
430, -4.796519015407203
431, -4.796519015407203
432, -4.796519015407203
433, -4.796519015407203
434, -4.796519015407203
435, -4.796519015407203
436, -4.796519015407203
437, -4.796519015407203
438, -4.796519015407203
439, -4.796519015407203
440, -4.796519015407203
441, -4.796519015407203
442, -4.796519015407203
443, -4.796519015407203
444, -4.796519015407203
445, -4.796519015407203
446, -4.796519015407203
447, -4.796519015407203
448, -4.796519015407203
449, -4.796519015407203
450, -4.796519015407203
451, -4.796519015407203
452, -4.796519015407203
453, -4.796519015407203
454, -4.796519015407203
455, -4.796519015407203
456, -4.796519015407203
457, -4.796519015407203
458, -4.796519015407203
459, -4.796519015407203
460, -4.796519015407203
461, -4.796519015407203
462, -4.796519015407203
463, -4.796519015407203
464, -4.796519015407203
465, -4.796519015407203
466, -4.796519015407203
467, -4.796519015407203
468, -4.796519015407203
469, -4.796519015407203
470, -4.796519015407203
471, -4.796519015407203
472, -4.796519015407203
473, -4.796519015407203
474, -4.796519015407203
475, -4.796519015407203
476, -4.796519015407203
477, -4.796519015407203
478, -4.796519015407203
479, -4.796519015407203
480, -4.796519015407203
481, -4.796519015407203
482, -4.796519015407203
483, -4.796519015407203
484, -4.796519015407203
485, -4.796519015407203
486, -4.796519015407203
487, -4.796519015407203
488, -4.796519015407203
489, -4.796519015407203
490, -4.796519015407203
491, -4.796519015407203
492, -4.796519015407203
493, -4.796519015407203
494, -4.796519015407203
495, -4.796519015407203
496, -4.796519015407203
497, -4.796519015407203
498, -4.796519015407203
499, -4.796519015407203
