[[ 0.25598719  0.32048352  0.10406601]
 [ 0.90228373 -0.15973216 -0.26050196]
 [-0.42706067  0.20313277 -0.30312073]
 [ 0.67287452  0.20392847  0.02282548]
 [ 0.5222441   0.79806086 -0.99968904]
 [ 0.14300051 -0.8929451   0.75132502]
 [ 0.9136449  -0.18113449  0.57929965]
 [ 0.28680252  0.21625417 -0.72460934]
 [ 0.04333186 -0.59099903 -0.94173042]
 [ 0.9238723   0.18539046 -0.58096309]
 [-0.96190853  0.31218391  0.41040121]
 [-0.86547852  0.81732173  0.79810134]]
[3, 0, 4, 3, 4, 4, 4, 4, 4, 4, 3, 4, 4, 4]