0, -1.592633546275943
1, -1.592633546275943
2, -2.058932511989932
3, -2.4149172700274675
4, -2.7573568506871418
5, -2.7573568506871418
6, -2.7573568506871418
7, -2.7573568506871418
8, -2.7573568506871418
9, -2.7573568506871418
10, -2.7811414343677847
11, -2.7811414343677847
12, -2.7811414343677847
13, -2.7811414343677847
14, -2.7811414343677847
15, -2.7811414343677847
16, -2.7811414343677847
17, -3.347911915758999
18, -3.347911915758999
19, -3.347911915758999
20, -3.347911915758999
21, -3.347911915758999
22, -3.347911915758999
23, -3.347911915758999
24, -3.347911915758999
25, -3.347911915758999
26, -3.347911915758999
27, -3.347911915758999
28, -3.347911915758999
29, -3.3733620283339993
30, -3.3733620283339993
31, -3.3733620283339993
32, -3.3733620283339993
33, -3.3733620283339993
34, -3.3733620283339993
35, -3.3733620283339993
36, -3.3733620283339993
37, -3.3733620283339993
38, -3.3733620283339993
39, -3.3733620283339993
40, -3.3733620283339993
41, -3.3733620283339993
42, -3.3733620283339993
43, -3.3733620283339993
44, -3.3733620283339993
45, -3.3733620283339993
46, -3.3733620283339993
47, -3.3733620283339993
48, -3.3733620283339993
49, -3.3733620283339993
50, -3.3733620283339993
51, -3.3733620283339993
52, -4.714196830485768
53, -4.714196830485768
54, -4.714196830485768
55, -4.714196830485768
56, -4.714196830485768
57, -4.714196830485768
58, -4.714196830485768
59, -4.714196830485768
60, -4.714196830485768
61, -4.714196830485768
62, -4.714196830485768
63, -4.714196830485768
64, -4.714196830485768
65, -4.714196830485768
66, -4.714196830485768
67, -4.714196830485768
68, -4.714196830485768
69, -4.714196830485768
70, -4.714196830485768
71, -4.714196830485768
72, -4.714196830485768
73, -5.886402664413577
74, -5.886402664413577
75, -5.886402664413577
76, -5.886402664413577
77, -5.886402664413577
78, -5.886402664413577
79, -5.886402664413577
80, -5.886402664413577
81, -5.886402664413577
82, -5.886402664413577
83, -5.886402664413577
84, -5.886402664413577
85, -5.886402664413577
86, -5.886402664413577
87, -5.886402664413577
88, -5.886402664413577
89, -5.886402664413577
90, -5.886402664413577
91, -5.886402664413577
92, -5.886402664413577
93, -5.886402664413577
94, -5.886402664413577
95, -5.886402664413577
96, -5.886402664413577
97, -5.886402664413577
98, -5.886402664413577
99, -5.886402664413577
100, -5.886402664413577
101, -5.886402664413577
102, -5.886402664413577
103, -5.886402664413577
104, -5.886402664413577
105, -5.886402664413577
106, -5.886402664413577
107, -5.886402664413577
108, -5.886402664413577
109, -5.886402664413577
110, -5.886402664413577
111, -5.886402664413577
112, -5.886402664413577
113, -5.886402664413577
114, -5.886402664413577
115, -5.886402664413577
116, -5.886402664413577
117, -5.886402664413577
118, -5.886402664413577
119, -5.886402664413577
120, -5.886402664413577
121, -5.886402664413577
122, -5.886402664413577
123, -5.886402664413577
124, -5.886402664413577
125, -5.886402664413577
126, -5.886402664413577
127, -5.886402664413577
128, -5.886402664413577
129, -5.886402664413577
130, -5.886402664413577
131, -5.886402664413577
132, -5.886402664413577
133, -5.886402664413577
134, -5.886402664413577
135, -5.886402664413577
136, -5.886402664413577
137, -5.886402664413577
138, -5.886402664413577
139, -5.886402664413577
140, -5.886402664413577
141, -5.886402664413577
142, -5.886402664413577
143, -5.886402664413577
144, -5.886402664413577
145, -5.886402664413577
146, -5.886402664413577
147, -5.886402664413577
148, -5.886402664413577
149, -5.886402664413577
150, -5.886402664413577
151, -5.886402664413577
152, -5.886402664413577
153, -5.886402664413577
154, -5.886402664413577
155, -5.886402664413577
156, -5.886402664413577
157, -5.886402664413577
158, -5.886402664413577
159, -5.886402664413577
160, -5.886402664413577
161, -5.886402664413577
162, -5.886402664413577
163, -5.886402664413577
164, -5.886402664413577
165, -5.886402664413577
166, -5.886402664413577
167, -5.886402664413577
168, -5.886402664413577
169, -5.886402664413577
170, -5.886402664413577
171, -5.886402664413577
172, -5.886402664413577
173, -5.886402664413577
174, -5.886402664413577
175, -5.886402664413577
176, -5.886402664413577
177, -5.886402664413577
178, -5.886402664413577
179, -5.886402664413577
180, -5.886402664413577
181, -5.886402664413577
182, -5.886402664413577
183, -5.886402664413577
184, -5.886402664413577
185, -5.886402664413577
186, -5.886402664413577
187, -5.886402664413577
188, -5.886402664413577
189, -5.886402664413577
190, -5.886402664413577
191, -5.886402664413577
192, -5.886402664413577
193, -5.886402664413577
194, -5.886402664413577
195, -5.886402664413577
196, -5.886402664413577
197, -5.886402664413577
198, -5.886402664413577
199, -5.886402664413577
200, -5.886402664413577
201, -5.886402664413577
202, -5.886402664413577
203, -5.886402664413577
204, -5.886402664413577
205, -5.886402664413577
206, -5.886402664413577
207, -5.886402664413577
208, -5.886402664413577
209, -5.886402664413577
210, -5.886402664413577
211, -5.886402664413577
212, -5.886402664413577
213, -5.886402664413577
214, -5.886402664413577
215, -5.886402664413577
216, -5.886402664413577
217, -5.886402664413577
218, -5.886402664413577
219, -5.886402664413577
220, -5.886402664413577
221, -5.886402664413577
222, -5.886402664413577
223, -5.886402664413577
224, -5.886402664413577
225, -5.886402664413577
226, -5.886402664413577
227, -5.886402664413577
228, -5.886402664413577
229, -5.886402664413577
230, -5.886402664413577
231, -5.886402664413577
232, -5.886402664413577
233, -5.886402664413577
234, -5.886402664413577
235, -5.886402664413577
236, -5.886402664413577
237, -5.886402664413577
238, -5.886402664413577
239, -5.886402664413577
240, -5.886402664413577
241, -5.886402664413577
242, -5.886402664413577
243, -5.886402664413577
244, -5.886402664413577
245, -5.886402664413577
246, -5.886402664413577
247, -5.886402664413577
248, -5.886402664413577
249, -5.886402664413577
250, -5.886402664413577
251, -5.886402664413577
252, -5.886402664413577
253, -5.886402664413577
254, -5.886402664413577
255, -5.886402664413577
256, -5.886402664413577
257, -5.886402664413577
258, -5.886402664413577
259, -5.886402664413577
260, -5.886402664413577
261, -5.886402664413577
262, -5.886402664413577
263, -5.886402664413577
264, -5.886402664413577
265, -5.886402664413577
266, -5.886402664413577
267, -5.886402664413577
268, -5.886402664413577
269, -5.886402664413577
270, -5.886402664413577
271, -5.886402664413577
272, -5.886402664413577
273, -5.886402664413577
274, -5.886402664413577
275, -5.886402664413577
276, -5.886402664413577
277, -5.886402664413577
278, -5.886402664413577
279, -5.886402664413577
280, -5.886402664413577
281, -5.886402664413577
282, -5.886402664413577
283, -5.886402664413577
284, -5.886402664413577
285, -5.886402664413577
286, -5.886402664413577
287, -5.886402664413577
288, -5.886402664413577
289, -5.886402664413577
290, -5.886402664413577
291, -5.886402664413577
292, -5.886402664413577
293, -5.886402664413577
294, -5.886402664413577
295, -5.886402664413577
296, -5.886402664413577
297, -5.886402664413577
298, -5.886402664413577
299, -5.886402664413577
300, -5.886402664413577
301, -5.886402664413577
302, -5.886402664413577
303, -5.886402664413577
304, -5.886402664413577
305, -5.886402664413577
306, -5.886402664413577
307, -5.886402664413577
308, -5.886402664413577
309, -5.886402664413577
310, -5.886402664413577
311, -5.886402664413577
312, -5.886402664413577
313, -5.886402664413577
314, -5.886402664413577
315, -5.886402664413577
316, -5.886402664413577
317, -5.886402664413577
318, -5.886402664413577
319, -5.886402664413577
320, -5.886402664413577
321, -5.886402664413577
322, -5.886402664413577
323, -5.886402664413577
324, -5.886402664413577
325, -5.886402664413577
326, -5.886402664413577
327, -5.886402664413577
328, -5.886402664413577
329, -5.886402664413577
330, -5.886402664413577
331, -5.886402664413577
332, -5.886402664413577
333, -5.886402664413577
334, -5.886402664413577
335, -5.886402664413577
336, -5.886402664413577
337, -5.886402664413577
338, -5.886402664413577
339, -5.886402664413577
340, -5.886402664413577
341, -5.886402664413577
342, -5.886402664413577
343, -5.886402664413577
344, -5.886402664413577
345, -5.886402664413577
346, -5.886402664413577
347, -5.886402664413577
348, -5.886402664413577
349, -5.886402664413577
350, -5.886402664413577
351, -5.886402664413577
352, -5.886402664413577
353, -5.886402664413577
354, -5.886402664413577
355, -5.886402664413577
356, -5.886402664413577
357, -5.886402664413577
358, -5.886402664413577
359, -5.886402664413577
360, -5.886402664413577
361, -5.886402664413577
362, -5.886402664413577
363, -5.886402664413577
364, -5.886402664413577
365, -5.886402664413577
366, -5.886402664413577
367, -5.886402664413577
368, -5.886402664413577
369, -5.886402664413577
370, -5.886402664413577
371, -5.886402664413577
372, -5.886402664413577
373, -5.886402664413577
374, -5.886402664413577
375, -5.886402664413577
376, -5.886402664413577
377, -5.886402664413577
378, -5.886402664413577
379, -5.886402664413577
380, -5.886402664413577
381, -5.886402664413577
382, -5.886402664413577
383, -5.886402664413577
384, -5.886402664413577
385, -5.886402664413577
386, -5.886402664413577
387, -5.886402664413577
388, -5.886402664413577
389, -5.886402664413577
390, -5.886402664413577
391, -5.886402664413577
392, -5.886402664413577
393, -5.886402664413577
394, -5.886402664413577
395, -5.886402664413577
396, -5.886402664413577
397, -5.886402664413577
398, -5.886402664413577
399, -5.886402664413577
400, -5.886402664413577
401, -5.886402664413577
402, -5.886402664413577
403, -5.886402664413577
404, -5.886402664413577
405, -5.886402664413577
406, -5.886402664413577
407, -5.886402664413577
408, -5.886402664413577
409, -5.886402664413577
410, -5.886402664413577
411, -5.886402664413577
412, -5.886402664413577
413, -5.886402664413577
414, -5.886402664413577
415, -5.886402664413577
416, -5.886402664413577
417, -5.886402664413577
418, -5.886402664413577
419, -5.886402664413577
420, -5.886402664413577
421, -5.886402664413577
422, -5.886402664413577
423, -5.886402664413577
424, -5.886402664413577
425, -5.886402664413577
426, -5.886402664413577
427, -5.886402664413577
428, -5.886402664413577
429, -5.886402664413577
430, -5.886402664413577
431, -5.886402664413577
432, -5.886402664413577
433, -5.886402664413577
434, -5.886402664413577
435, -5.886402664413577
436, -5.886402664413577
437, -5.886402664413577
438, -5.886402664413577
439, -5.886402664413577
440, -5.886402664413577
441, -5.886402664413577
442, -5.886402664413577
443, -5.886402664413577
444, -5.886402664413577
445, -5.886402664413577
446, -5.886402664413577
447, -5.886402664413577
448, -5.886402664413577
449, -5.886402664413577
450, -5.886402664413577
451, -5.886402664413577
452, -5.886402664413577
453, -5.886402664413577
454, -5.886402664413577
455, -5.886402664413577
456, -5.886402664413577
457, -5.886402664413577
458, -5.886402664413577
459, -5.886402664413577
460, -5.886402664413577
461, -5.886402664413577
462, -5.886402664413577
463, -5.886402664413577
464, -5.886402664413577
465, -5.886402664413577
466, -5.886402664413577
467, -5.886402664413577
468, -5.886402664413577
469, -5.886402664413577
470, -5.886402664413577
471, -5.886402664413577
472, -5.886402664413577
473, -5.886402664413577
474, -5.886402664413577
475, -5.886402664413577
476, -5.886402664413577
477, -5.886402664413577
478, -5.886402664413577
479, -5.886402664413577
480, -5.886402664413577
481, -5.886402664413577
482, -5.886402664413577
483, -5.886402664413577
484, -5.886402664413577
485, -5.886402664413577
486, -5.886402664413577
487, -5.886402664413577
488, -5.886402664413577
489, -5.886402664413577
490, -5.886402664413577
491, -5.886402664413577
492, -5.886402664413577
493, -5.886402664413577
494, -5.886402664413577
495, -5.886402664413577
496, -5.886402664413577
497, -5.886402664413577
498, -5.886402664413577
499, -5.886402664413577
