[[ 0.62453097  0.85399518 -0.03952944  0.46518098]
 [-0.14631947 -0.57611639 -0.53470701  0.82083778]
 [ 0.136512    0.0460447   0.7713954  -0.6207159 ]
 [-0.44287392 -0.3011219   0.80847229 -0.75574491]
 [-0.35581749 -0.38773348 -0.97891314  0.82464963]
 [ 0.98942023 -0.80238317 -0.7162701  -0.33704599]
 [ 0.95952164  0.67087937  0.8810228  -0.16624671]
 [-0.39767658 -0.75173486  0.79621623 -0.33396068]
 [ 0.0134737  -0.90594249  0.55597858  0.77672356]
 [ 0.39649087  0.60433192  0.01046419  0.99180266]
 [ 0.33094324  0.77117615  0.59986144 -0.14225499]
 [-0.4764122   0.97118065  0.58818839 -0.64494199]
 [-0.11481606 -0.2184898   0.23021244 -0.01230371]
 [-0.79371571  0.02818011 -0.77135091  0.8238384 ]
 [-0.35296461  0.18375691  0.09829366 -0.85491976]]
[1, 1, 0, 0, 1, 1, 0, 0, 0, 2, 4, 0, 4, 4, 4, 4]