[[-0.50355408 -0.41775052 -0.1740201  -0.96100938]
 [-0.20405152  0.34769426 -0.09050761  0.19205354]
 [-0.52134701 -0.69071201  0.42044891 -0.24759703]
 [ 0.61984479  0.82616405 -0.41065951 -0.44789811]
 [ 0.32496287  0.69921331 -0.3601901  -0.68391058]
 [ 0.43099109 -0.73044201 -0.2874242   0.82980377]
 [-0.69456219  0.14466044 -0.18477842 -0.65685601]
 [-0.75897285  0.17476662  0.04946012  0.71354153]
 [-0.8366082  -0.15312811  0.53568156 -0.23373172]
 [ 0.81714902 -0.94236664 -0.64434713  0.98173694]
 [-0.12455491  0.27095032  0.34753897 -0.65108527]
 [-0.73686809  0.88164384 -0.32157498 -0.10563887]]
[4, 4, 4, 4, 3, 0, 4, 4, 4, 3, 4, 4, 4]