[[ 2.46730661e-01  8.18118177e-01 -5.04527407e-01  1.03674835e-01 8.40186453e-01]
 [-7.62295993e-01 -8.38382875e-01 -2.77255697e-02 -2.92158492e-01 -3.01471150e-01]
 [ 9.86000693e-01  4.01873681e-01 -5.13344824e-01 -3.69103625e-01 -4.52782386e-02]
 [-3.86375079e-01 -5.47616934e-01  4.99729890e-01  2.34103002e-01 -1.64574000e-01]
 [-1.44168760e-01 -8.51677462e-01 -1.98828094e-01  7.38055227e-01 -4.44551068e-01]
 [-2.29007882e-01 -5.40981501e-01 -7.46059680e-01 -7.81685593e-01 -4.97707228e-01]
 [ 2.01481083e-01 -9.48777579e-01  1.71446116e-01  6.17930975e-01 8.03247636e-01]
 [-4.77271961e-01  4.53221503e-01 -4.09429400e-02 -2.32883271e-01 4.67683058e-02]
 [ 5.88528751e-01  1.59039851e-01 -5.34448437e-01 -1.15265686e-02 5.35100713e-01]
 [ 7.97479878e-01  5.71937773e-01  6.30827543e-01 -8.44569486e-01 7.51956062e-01]
 [ 7.66199721e-01  1.22160847e-01  6.53984102e-02  6.40077415e-01 -9.24091909e-04]
 [ 7.15650210e-01  3.60400286e-01 -9.59538625e-01  4.08602264e-01 9.88278016e-01]
 [-2.49296487e-01  6.15930919e-01  5.68507903e-01 -9.84109130e-01 -8.99849129e-01]
 [-2.57462737e-01 -9.95695112e-01  1.33900186e-02  8.45310931e-01 4.42386874e-01]
 [-9.65679800e-01  2.54888008e-01  3.54437810e-01  1.67531433e-01 -5.88344289e-01]]
[4, 4, 4, 4, 4, 4, 4, 3, 4, 3, 4, 4, 4, 0, 4, 4]