[[ 0.74075964 -0.89323385 -0.55179842 -0.32733432  0.11197702]
 [ 0.93236147 -0.74795599 -0.34586754  0.24845008  0.41350911]
 [-0.09603509  0.26515108  0.1794357  -0.88787357 -0.70746777]
 [ 0.00582876  0.16373889  0.1060602   0.46054397  0.12047717]
 [ 0.86614439 -0.58799144 -0.66762913 -0.62217913 -0.1450318 ]
 [-0.20070277  0.99449613  0.70065743  0.65286827  0.82069958]
 [-0.5094071   0.96924123  0.39237669 -0.76288598 -0.10160925]
 [ 0.63331022 -0.8038125  -0.13779921 -0.43595095  0.14808158]
 [ 0.70885302 -0.33905705 -0.02040059 -0.59672696 -0.6856404 ]
 [-0.37232418  0.5914265  -0.5763057  -0.04780575 -0.31865232]
 [-0.57446625 -0.50177907  0.15860229  0.13907648 -0.83842083]
 [ 0.13555818  0.7276952  -0.00968652  0.01836143 -0.59857205]
 [ 0.03953886 -0.03032005  0.7895024   0.25343677 -0.62688955]
 [ 0.26735148 -0.23356574 -0.41011793  0.07413915 -0.74373579]
 [ 0.61137024  0.90443795 -0.37941853 -0.25376821 -0.46433405]]
[3, 0, 0, 0, 4, 1, 0, 0, 4, 4]