0, -1.5859045721568308
1, -1.5859045721568308
2, -1.5859045721568308
3, -1.5859045721568308
4, -1.5859045721568308
5, -1.5859045721568308
6, -1.6920015290877446
7, -2.728246786997535
8, -2.728246786997535
9, -2.728246786997535
10, -2.728246786997535
11, -2.728246786997535
12, -2.728246786997535
13, -2.728246786997535
14, -2.728246786997535
15, -2.728246786997535
16, -2.728246786997535
17, -3.0848680233861616
18, -3.0848680233861616
19, -3.0848680233861616
20, -3.0848680233861616
21, -4.640659465883057
22, -4.640659465883057
23, -4.640659465883057
24, -4.640659465883057
25, -4.640659465883057
26, -4.640659465883057
27, -4.640659465883057
28, -4.640659465883057
29, -4.640659465883057
30, -4.640659465883057
31, -4.640659465883057
32, -4.640659465883057
33, -4.640659465883057
34, -4.640659465883057
35, -4.640659465883057
36, -4.640659465883057
37, -4.640659465883057
38, -4.640659465883057
39, -4.640659465883057
40, -4.640659465883057
41, -4.640659465883057
42, -4.640659465883057
43, -4.640659465883057
44, -4.640659465883057
45, -4.640659465883057
46, -4.640659465883057
47, -4.640659465883057
48, -4.640659465883057
49, -4.640659465883057
50, -4.640659465883057
51, -4.640659465883057
52, -4.640659465883057
53, -4.640659465883057
54, -4.640659465883057
55, -4.640659465883057
56, -4.640659465883057
57, -4.640659465883057
58, -4.640659465883057
59, -4.640659465883057
60, -4.640659465883057
61, -4.640659465883057
62, -4.640659465883057
63, -4.640659465883057
64, -4.640659465883057
65, -4.640659465883057
66, -4.640659465883057
67, -4.640659465883057
68, -4.640659465883057
69, -4.640659465883057
70, -4.640659465883057
71, -4.640659465883057
72, -4.640659465883057
73, -4.640659465883057
74, -4.640659465883057
75, -4.640659465883057
76, -4.640659465883057
77, -4.640659465883057
78, -4.640659465883057
79, -4.640659465883057
80, -4.640659465883057
81, -4.640659465883057
82, -4.640659465883057
83, -4.640659465883057
84, -4.640659465883057
85, -4.640659465883057
86, -4.640659465883057
87, -4.640659465883057
88, -4.640659465883057
89, -4.640659465883057
90, -4.640659465883057
91, -4.640659465883057
92, -4.640659465883057
93, -4.640659465883057
94, -4.640659465883057
95, -4.640659465883057
96, -4.640659465883057
97, -4.640659465883057
98, -4.640659465883057
99, -4.640659465883057
100, -4.640659465883057
101, -4.640659465883057
102, -4.640659465883057
103, -4.640659465883057
104, -4.640659465883057
105, -4.640659465883057
106, -4.640659465883057
107, -4.640659465883057
108, -4.640659465883057
109, -4.640659465883057
110, -4.640659465883057
111, -4.640659465883057
112, -4.640659465883057
113, -4.640659465883057
114, -4.640659465883057
115, -4.640659465883057
116, -4.640659465883057
117, -4.640659465883057
118, -4.640659465883057
119, -4.640659465883057
120, -4.640659465883057
121, -4.640659465883057
122, -4.640659465883057
123, -4.640659465883057
124, -4.640659465883057
125, -4.640659465883057
126, -4.640659465883057
127, -4.640659465883057
128, -4.640659465883057
129, -4.640659465883057
130, -4.640659465883057
131, -4.640659465883057
132, -4.640659465883057
133, -4.640659465883057
134, -4.640659465883057
135, -4.640659465883057
136, -4.640659465883057
137, -4.640659465883057
138, -4.640659465883057
139, -4.640659465883057
140, -4.640659465883057
141, -4.640659465883057
142, -4.640659465883057
143, -4.640659465883057
144, -4.640659465883057
145, -4.640659465883057
146, -4.640659465883057
147, -4.640659465883057
148, -4.640659465883057
149, -4.640659465883057
150, -4.640659465883057
151, -4.640659465883057
152, -4.640659465883057
153, -4.640659465883057
154, -4.640659465883057
155, -4.640659465883057
156, -4.640659465883057
157, -4.640659465883057
158, -4.640659465883057
159, -4.640659465883057
160, -4.640659465883057
161, -4.640659465883057
162, -4.640659465883057
163, -4.640659465883057
164, -4.640659465883057
165, -4.640659465883057
166, -4.640659465883057
167, -4.640659465883057
168, -4.640659465883057
169, -4.640659465883057
170, -4.640659465883057
171, -4.640659465883057
172, -4.640659465883057
173, -4.640659465883057
174, -4.640659465883057
175, -4.640659465883057
176, -4.640659465883057
177, -4.640659465883057
178, -4.640659465883057
179, -4.640659465883057
180, -4.640659465883057
181, -4.640659465883057
182, -4.640659465883057
183, -4.640659465883057
184, -4.640659465883057
185, -4.640659465883057
186, -4.640659465883057
187, -4.640659465883057
188, -4.640659465883057
189, -4.640659465883057
190, -4.640659465883057
191, -4.640659465883057
192, -4.640659465883057
193, -4.640659465883057
194, -4.640659465883057
195, -4.640659465883057
196, -4.640659465883057
197, -4.640659465883057
198, -4.640659465883057
199, -4.640659465883057
200, -4.640659465883057
201, -4.640659465883057
202, -4.640659465883057
203, -4.640659465883057
204, -4.640659465883057
205, -4.640659465883057
206, -4.640659465883057
207, -4.640659465883057
208, -4.640659465883057
209, -5.454628124835426
210, -5.454628124835426
211, -5.454628124835426
212, -5.454628124835426
213, -5.454628124835426
214, -5.454628124835426
215, -5.454628124835426
216, -5.454628124835426
217, -5.454628124835426
218, -5.454628124835426
219, -5.454628124835426
220, -5.454628124835426
221, -5.454628124835426
222, -5.454628124835426
223, -5.454628124835426
224, -5.454628124835426
225, -5.454628124835426
226, -5.454628124835426
227, -5.454628124835426
228, -5.454628124835426
229, -5.454628124835426
230, -5.454628124835426
231, -5.454628124835426
232, -5.454628124835426
233, -5.454628124835426
234, -5.454628124835426
235, -5.454628124835426
236, -5.454628124835426
237, -5.454628124835426
238, -5.454628124835426
239, -5.454628124835426
240, -5.454628124835426
241, -5.454628124835426
242, -5.454628124835426
243, -5.454628124835426
244, -5.454628124835426
245, -5.454628124835426
246, -5.454628124835426
247, -5.454628124835426
248, -5.454628124835426
249, -5.454628124835426
250, -5.454628124835426
251, -5.454628124835426
252, -5.454628124835426
253, -5.454628124835426
254, -5.454628124835426
255, -5.454628124835426
256, -5.454628124835426
257, -5.454628124835426
258, -5.454628124835426
259, -5.454628124835426
260, -5.454628124835426
261, -5.454628124835426
262, -5.454628124835426
263, -5.454628124835426
264, -5.454628124835426
265, -5.454628124835426
266, -5.454628124835426
267, -5.454628124835426
268, -5.454628124835426
269, -5.454628124835426
270, -5.454628124835426
271, -5.454628124835426
272, -5.454628124835426
273, -5.454628124835426
274, -5.454628124835426
275, -5.454628124835426
276, -5.454628124835426
277, -5.454628124835426
278, -5.454628124835426
279, -5.454628124835426
280, -5.454628124835426
281, -5.454628124835426
282, -5.454628124835426
283, -5.454628124835426
284, -5.454628124835426
285, -5.454628124835426
286, -5.454628124835426
287, -5.454628124835426
288, -5.454628124835426
289, -5.454628124835426
290, -5.454628124835426
291, -5.454628124835426
292, -5.454628124835426
293, -5.454628124835426
294, -5.454628124835426
295, -5.454628124835426
296, -5.454628124835426
297, -5.454628124835426
298, -5.454628124835426
299, -5.454628124835426
300, -5.983064952819176
301, -5.983064952819176
302, -5.983064952819176
303, -5.983064952819176
304, -5.983064952819176
305, -5.983064952819176
306, -5.983064952819176
307, -5.983064952819176
308, -5.983064952819176
309, -5.983064952819176
310, -5.983064952819176
311, -5.983064952819176
312, -5.983064952819176
313, -5.983064952819176
314, -5.983064952819176
315, -5.983064952819176
316, -5.983064952819176
317, -5.983064952819176
318, -5.983064952819176
319, -5.983064952819176
320, -5.983064952819176
321, -5.983064952819176
322, -5.983064952819176
323, -5.983064952819176
324, -5.983064952819176
325, -5.983064952819176
326, -5.983064952819176
327, -5.983064952819176
328, -5.983064952819176
329, -5.983064952819176
330, -5.983064952819176
331, -5.983064952819176
332, -5.983064952819176
333, -5.983064952819176
334, -5.983064952819176
335, -5.983064952819176
336, -5.983064952819176
337, -5.983064952819176
338, -5.983064952819176
339, -5.983064952819176
340, -5.983064952819176
341, -5.983064952819176
342, -5.983064952819176
343, -5.983064952819176
344, -5.983064952819176
345, -5.983064952819176
346, -5.983064952819176
347, -5.983064952819176
348, -5.983064952819176
349, -5.983064952819176
350, -5.983064952819176
351, -5.983064952819176
352, -5.983064952819176
353, -5.983064952819176
354, -5.983064952819176
355, -5.983064952819176
356, -5.983064952819176
357, -5.983064952819176
358, -5.983064952819176
359, -5.983064952819176
360, -5.983064952819176
361, -5.983064952819176
362, -5.983064952819176
363, -5.983064952819176
364, -5.983064952819176
365, -5.983064952819176
366, -5.983064952819176
367, -5.983064952819176
368, -5.983064952819176
369, -5.983064952819176
370, -5.983064952819176
371, -5.983064952819176
372, -5.983064952819176
373, -5.983064952819176
374, -5.983064952819176
375, -5.983064952819176
376, -5.983064952819176
377, -5.983064952819176
378, -5.983064952819176
379, -5.983064952819176
380, -5.983064952819176
381, -5.983064952819176
382, -5.983064952819176
383, -5.983064952819176
384, -5.983064952819176
385, -5.983064952819176
386, -5.983064952819176
387, -5.983064952819176
388, -5.983064952819176
389, -5.983064952819176
390, -5.983064952819176
391, -5.983064952819176
392, -5.983064952819176
393, -5.983064952819176
394, -5.983064952819176
395, -5.983064952819176
396, -5.983064952819176
397, -5.983064952819176
398, -5.983064952819176
399, -5.983064952819176
400, -5.983064952819176
401, -5.983064952819176
402, -5.983064952819176
403, -5.983064952819176
404, -5.983064952819176
405, -5.983064952819176
406, -5.983064952819176
407, -5.983064952819176
408, -5.983064952819176
409, -5.983064952819176
410, -5.983064952819176
411, -5.983064952819176
412, -5.983064952819176
413, -5.983064952819176
414, -5.983064952819176
415, -5.983064952819176
416, -5.983064952819176
417, -5.983064952819176
418, -5.983064952819176
419, -5.983064952819176
420, -5.983064952819176
421, -5.983064952819176
422, -5.983064952819176
423, -5.983064952819176
424, -5.983064952819176
425, -5.983064952819176
426, -5.983064952819176
427, -5.983064952819176
428, -5.983064952819176
429, -5.983064952819176
430, -5.983064952819176
431, -5.983064952819176
432, -5.983064952819176
433, -5.983064952819176
434, -5.983064952819176
435, -5.983064952819176
436, -5.983064952819176
437, -5.983064952819176
438, -5.983064952819176
439, -5.983064952819176
440, -5.983064952819176
441, -5.983064952819176
442, -5.983064952819176
443, -5.983064952819176
444, -5.983064952819176
445, -5.983064952819176
446, -5.983064952819176
447, -5.983064952819176
448, -5.983064952819176
449, -5.983064952819176
450, -5.983064952819176
451, -5.983064952819176
452, -5.983064952819176
453, -5.983064952819176
454, -5.983064952819176
455, -5.983064952819176
456, -5.983064952819176
457, -5.983064952819176
458, -5.983064952819176
459, -5.983064952819176
460, -5.983064952819176
461, -5.983064952819176
462, -5.983064952819176
463, -5.983064952819176
464, -5.983064952819176
465, -5.983064952819176
466, -5.983064952819176
467, -5.983064952819176
468, -5.983064952819176
469, -5.983064952819176
470, -5.983064952819176
471, -5.983064952819176
472, -5.983064952819176
473, -5.983064952819176
474, -5.983064952819176
475, -5.983064952819176
476, -5.983064952819176
477, -5.983064952819176
478, -5.983064952819176
479, -5.983064952819176
480, -5.983064952819176
481, -5.983064952819176
482, -5.983064952819176
483, -5.983064952819176
484, -5.983064952819176
485, -5.983064952819176
486, -5.983064952819176
487, -5.983064952819176
488, -5.983064952819176
489, -5.983064952819176
490, -5.983064952819176
491, -5.983064952819176
492, -5.983064952819176
493, -5.983064952819176
494, -5.983064952819176
495, -5.983064952819176
496, -5.983064952819176
497, -5.983064952819176
498, -5.983064952819176
499, -5.983064952819176
