0, -1.04786294189728
1, -3.1014220097273233
2, -3.1014220097273233
3, -3.1014220097273233
4, -3.1014220097273233
5, -3.1014220097273233
6, -3.1014220097273233
7, -3.1014220097273233
8, -3.1473852166520784
9, -3.1473852166520784
10, -3.1473852166520784
11, -3.1473852166520784
12, -3.6340460689419505
13, -3.6340460689419505
14, -3.6340460689419505
15, -3.6340460689419505
16, -3.6340460689419505
17, -3.6340460689419505
18, -3.6340460689419505
19, -3.6340460689419505
20, -3.6340460689419505
21, -3.6340460689419505
22, -3.6340460689419505
23, -3.6340460689419505
24, -4.990760085146039
25, -4.990760085146039
26, -4.990760085146039
27, -4.990760085146039
28, -4.990760085146039
29, -4.990760085146039
30, -4.990760085146039
31, -4.990760085146039
32, -4.990760085146039
33, -4.990760085146039
34, -4.990760085146039
35, -4.990760085146039
36, -4.990760085146039
37, -4.990760085146039
38, -4.990760085146039
39, -4.990760085146039
40, -4.990760085146039
41, -4.990760085146039
42, -4.990760085146039
43, -4.990760085146039
44, -4.990760085146039
45, -4.990760085146039
46, -4.990760085146039
47, -4.990760085146039
48, -4.990760085146039
49, -4.990760085146039
50, -4.990760085146039
51, -4.990760085146039
52, -4.990760085146039
53, -4.990760085146039
54, -4.990760085146039
55, -4.990760085146039
56, -4.990760085146039
57, -4.990760085146039
58, -4.990760085146039
59, -4.990760085146039
60, -4.990760085146039
61, -4.990760085146039
62, -4.990760085146039
63, -4.990760085146039
64, -4.990760085146039
65, -4.990760085146039
66, -4.990760085146039
67, -4.990760085146039
68, -4.990760085146039
69, -4.990760085146039
70, -4.990760085146039
71, -4.990760085146039
72, -4.990760085146039
73, -4.990760085146039
74, -4.990760085146039
75, -4.990760085146039
76, -4.990760085146039
77, -4.990760085146039
78, -4.990760085146039
79, -4.990760085146039
80, -4.990760085146039
81, -4.990760085146039
82, -4.990760085146039
83, -4.990760085146039
84, -4.990760085146039
85, -4.990760085146039
86, -4.990760085146039
87, -4.990760085146039
88, -4.990760085146039
89, -4.990760085146039
90, -4.990760085146039
91, -4.990760085146039
92, -4.990760085146039
93, -4.990760085146039
94, -4.990760085146039
95, -4.990760085146039
96, -4.990760085146039
97, -4.990760085146039
98, -4.990760085146039
99, -4.990760085146039
100, -4.990760085146039
101, -4.990760085146039
102, -4.990760085146039
103, -4.990760085146039
104, -4.990760085146039
105, -4.990760085146039
106, -4.990760085146039
107, -4.990760085146039
108, -4.990760085146039
109, -4.990760085146039
110, -4.990760085146039
111, -4.990760085146039
112, -4.990760085146039
113, -4.990760085146039
114, -4.990760085146039
115, -4.990760085146039
116, -4.990760085146039
117, -4.990760085146039
118, -4.990760085146039
119, -4.990760085146039
120, -4.990760085146039
121, -4.990760085146039
122, -4.990760085146039
123, -4.990760085146039
124, -4.990760085146039
125, -4.990760085146039
126, -4.990760085146039
127, -4.990760085146039
128, -5.496280986800256
129, -5.496280986800256
130, -5.496280986800256
131, -5.496280986800256
132, -5.496280986800256
133, -5.496280986800256
134, -5.496280986800256
135, -5.496280986800256
136, -5.496280986800256
137, -5.496280986800256
138, -5.496280986800256
139, -5.496280986800256
140, -5.496280986800256
141, -5.496280986800256
142, -5.496280986800256
143, -5.496280986800256
144, -5.496280986800256
145, -5.496280986800256
146, -5.496280986800256
147, -5.496280986800256
148, -5.496280986800256
149, -5.496280986800256
150, -5.496280986800256
151, -5.496280986800256
152, -5.496280986800256
153, -5.496280986800256
154, -5.496280986800256
155, -5.496280986800256
156, -5.496280986800256
157, -5.496280986800256
158, -5.496280986800256
159, -5.496280986800256
160, -5.496280986800256
161, -5.496280986800256
162, -5.496280986800256
163, -5.496280986800256
164, -5.496280986800256
165, -5.496280986800256
166, -5.496280986800256
167, -5.496280986800256
168, -5.496280986800256
169, -5.496280986800256
170, -5.496280986800256
171, -5.496280986800256
172, -5.496280986800256
173, -5.496280986800256
174, -5.496280986800256
175, -5.496280986800256
176, -5.496280986800256
177, -5.496280986800256
178, -5.496280986800256
179, -5.496280986800256
180, -5.496280986800256
181, -5.496280986800256
182, -5.496280986800256
183, -5.496280986800256
184, -5.496280986800256
185, -5.496280986800256
186, -5.496280986800256
187, -5.496280986800256
188, -5.496280986800256
189, -5.496280986800256
190, -5.496280986800256
191, -5.496280986800256
192, -5.496280986800256
193, -5.496280986800256
194, -5.496280986800256
195, -5.496280986800256
196, -5.496280986800256
197, -5.496280986800256
198, -5.496280986800256
199, -5.496280986800256
200, -5.496280986800256
201, -5.496280986800256
202, -5.496280986800256
203, -5.496280986800256
204, -5.496280986800256
205, -5.496280986800256
206, -5.496280986800256
207, -5.496280986800256
208, -5.496280986800256
209, -5.496280986800256
210, -5.496280986800256
211, -5.496280986800256
212, -5.496280986800256
213, -5.496280986800256
214, -5.496280986800256
215, -5.496280986800256
216, -5.496280986800256
217, -5.496280986800256
218, -5.496280986800256
219, -5.496280986800256
220, -5.496280986800256
221, -5.496280986800256
222, -5.496280986800256
223, -5.496280986800256
224, -5.496280986800256
225, -5.496280986800256
226, -5.496280986800256
227, -5.496280986800256
228, -5.496280986800256
229, -5.496280986800256
230, -5.496280986800256
231, -5.496280986800256
232, -5.496280986800256
233, -5.496280986800256
234, -5.496280986800256
235, -5.496280986800256
236, -5.496280986800256
237, -5.496280986800256
238, -5.496280986800256
239, -5.496280986800256
240, -5.496280986800256
241, -5.496280986800256
242, -5.496280986800256
243, -5.496280986800256
244, -5.496280986800256
245, -5.496280986800256
246, -5.496280986800256
247, -5.496280986800256
248, -5.496280986800256
249, -5.496280986800256
250, -5.496280986800256
251, -5.496280986800256
252, -5.496280986800256
253, -5.496280986800256
254, -5.496280986800256
255, -5.496280986800256
256, -5.496280986800256
257, -5.496280986800256
258, -5.496280986800256
259, -5.496280986800256
260, -5.496280986800256
261, -5.496280986800256
262, -5.496280986800256
263, -5.496280986800256
264, -5.496280986800256
265, -5.496280986800256
266, -5.496280986800256
267, -5.496280986800256
268, -5.496280986800256
269, -5.496280986800256
270, -5.496280986800256
271, -5.496280986800256
272, -5.496280986800256
273, -5.496280986800256
274, -5.496280986800256
275, -5.496280986800256
276, -5.496280986800256
277, -5.496280986800256
278, -5.496280986800256
279, -5.496280986800256
280, -5.496280986800256
281, -5.496280986800256
282, -5.496280986800256
283, -5.496280986800256
284, -5.496280986800256
285, -5.496280986800256
286, -5.496280986800256
287, -5.496280986800256
288, -5.496280986800256
289, -5.496280986800256
290, -5.496280986800256
291, -5.496280986800256
292, -5.496280986800256
293, -5.496280986800256
294, -5.496280986800256
295, -5.496280986800256
296, -5.496280986800256
297, -5.496280986800256
298, -5.496280986800256
299, -5.496280986800256
300, -5.496280986800256
301, -5.496280986800256
302, -5.496280986800256
303, -5.496280986800256
304, -5.496280986800256
305, -5.496280986800256
306, -5.496280986800256
307, -5.496280986800256
308, -5.496280986800256
309, -5.496280986800256
310, -5.496280986800256
311, -5.496280986800256
312, -5.496280986800256
313, -5.496280986800256
314, -5.496280986800256
315, -5.496280986800256
316, -5.496280986800256
317, -5.496280986800256
318, -5.496280986800256
319, -5.496280986800256
320, -5.496280986800256
321, -5.496280986800256
322, -5.496280986800256
323, -5.496280986800256
324, -5.496280986800256
325, -5.496280986800256
326, -5.496280986800256
327, -5.496280986800256
328, -5.496280986800256
329, -5.496280986800256
330, -5.496280986800256
331, -5.496280986800256
332, -5.496280986800256
333, -5.496280986800256
334, -5.496280986800256
335, -5.496280986800256
336, -5.496280986800256
337, -5.496280986800256
338, -5.496280986800256
339, -5.496280986800256
340, -5.496280986800256
341, -5.496280986800256
342, -5.853769345664135
343, -5.853769345664135
344, -5.853769345664135
345, -5.853769345664135
346, -5.853769345664135
347, -5.853769345664135
348, -5.853769345664135
349, -5.853769345664135
350, -5.853769345664135
351, -5.853769345664135
352, -5.853769345664135
353, -5.853769345664135
354, -5.853769345664135
355, -5.853769345664135
356, -5.853769345664135
357, -5.853769345664135
358, -5.853769345664135
359, -5.853769345664135
360, -5.853769345664135
361, -5.853769345664135
362, -5.853769345664135
363, -5.853769345664135
364, -5.853769345664135
365, -5.853769345664135
366, -5.853769345664135
367, -5.853769345664135
368, -5.853769345664135
369, -5.853769345664135
370, -5.853769345664135
371, -5.853769345664135
372, -5.853769345664135
373, -5.853769345664135
374, -5.853769345664135
375, -5.853769345664135
376, -5.853769345664135
377, -5.853769345664135
378, -5.853769345664135
379, -5.853769345664135
380, -5.853769345664135
381, -5.853769345664135
382, -5.853769345664135
383, -5.853769345664135
384, -5.853769345664135
385, -5.853769345664135
386, -5.853769345664135
387, -5.853769345664135
388, -5.853769345664135
389, -5.853769345664135
390, -5.853769345664135
391, -5.853769345664135
392, -5.853769345664135
393, -5.853769345664135
394, -5.853769345664135
395, -5.853769345664135
396, -5.853769345664135
397, -6.445646962372034
398, -6.445646962372034
399, -6.445646962372034
400, -6.445646962372034
401, -6.445646962372034
402, -6.445646962372034
403, -6.445646962372034
404, -6.445646962372034
405, -6.445646962372034
406, -6.445646962372034
407, -6.445646962372034
408, -6.445646962372034
409, -6.445646962372034
410, -6.445646962372034
411, -6.445646962372034
412, -6.445646962372034
413, -6.445646962372034
414, -6.445646962372034
415, -6.445646962372034
416, -6.445646962372034
417, -6.445646962372034
418, -6.445646962372034
419, -6.445646962372034
420, -6.445646962372034
421, -6.445646962372034
422, -6.445646962372034
423, -6.445646962372034
424, -6.445646962372034
425, -6.445646962372034
426, -6.445646962372034
427, -6.445646962372034
428, -6.445646962372034
429, -6.445646962372034
430, -6.445646962372034
431, -6.445646962372034
432, -6.445646962372034
433, -6.445646962372034
434, -6.445646962372034
435, -6.445646962372034
436, -6.445646962372034
437, -6.445646962372034
438, -6.445646962372034
439, -6.445646962372034
440, -6.445646962372034
441, -6.445646962372034
442, -6.445646962372034
443, -6.445646962372034
444, -6.445646962372034
445, -6.445646962372034
446, -6.445646962372034
447, -6.445646962372034
448, -6.445646962372034
449, -6.445646962372034
450, -6.445646962372034
451, -6.445646962372034
452, -6.445646962372034
453, -6.445646962372034
454, -6.445646962372034
455, -6.445646962372034
456, -6.445646962372034
457, -6.445646962372034
458, -6.445646962372034
459, -6.445646962372034
460, -6.445646962372034
461, -6.445646962372034
462, -6.445646962372034
463, -6.445646962372034
464, -6.445646962372034
465, -6.445646962372034
466, -6.445646962372034
467, -6.445646962372034
468, -6.445646962372034
469, -6.445646962372034
470, -6.445646962372034
471, -6.445646962372034
472, -6.445646962372034
473, -6.445646962372034
474, -6.445646962372034
475, -6.445646962372034
476, -6.445646962372034
477, -6.445646962372034
478, -6.445646962372034
479, -6.445646962372034
480, -6.445646962372034
481, -6.445646962372034
482, -6.445646962372034
483, -6.445646962372034
484, -6.445646962372034
485, -6.445646962372034
486, -6.445646962372034
487, -6.445646962372034
488, -6.445646962372034
489, -6.445646962372034
490, -6.445646962372034
491, -6.445646962372034
492, -6.445646962372034
493, -6.445646962372034
494, -6.445646962372034
495, -6.445646962372034
496, -6.445646962372034
497, -6.445646962372034
498, -6.445646962372034
499, -6.445646962372034
