[[ 0.48557107 -0.29243367  0.84373196]
 [-0.03743519 -0.4867357  -0.90984415]
 [-0.06573164 -0.11373367  0.05191793]
 [ 0.6582701   0.45912763 -0.05771233]
 [ 0.48173573  0.82672368  0.9001545 ]
 [ 0.24848385  0.60606199  0.62664624]
 [-0.4939997   0.1674187  -0.38001812]
 [ 0.18946081  0.17841477 -0.16495505]
 [ 0.29441541 -0.01145223  0.83319444]
 [ 0.69743841  0.20544978  0.95427513]
 [-0.60185178  0.62165202  0.97695217]
 [ 0.42749014  0.18926744  0.15055512]
 [ 0.50303136 -0.28198488  0.52339647]
 [-0.88595237  0.57334362 -0.711081  ]]
[4, 4, 4, 4, 4, 4]